0.062140954326461294 -0.022726129256917593 -0.033620633015879635 0.05263637763815549
0.06213536931894227 -0.02272407209935004 -0.0336069326999452 0.05261575012012783
0.06214551709451872 -0.022727227033378893 -0.03362310946215672 0.05263830180957347
0.06214470986512876 -0.022727117786361148 -0.033619771284401134 0.052633686989009075
0.06217652270500968 -0.022730831159171877 -0.03363576682016667 0.052655109416847666
0.062160986421206994 -0.022736622807661495 -0.03362017858481168 0.05262083371189228
0.06215638321690784 -0.022744530085521814 -0.03363337711648767 0.052648781097966765
0.06217629238509296 -0.02274603258661208 -0.03365986215218823 0.052645434350190576
0.06213344253428098 -0.022724824002631483 -0.033618042330070846 0.0526272413130324
0.06213768211730436 -0.022728985208763642 -0.033624449415474746 0.05263814358918418
0.06215836034498797 -0.02273441722464113 -0.033631778845996836 0.052646849398387645
0.06213615432525503 -0.02272635397291201 -0.03361955351276083 0.0526392794505717
0.06214560099599987 -0.022724773176623376 -0.033628448353835105 0.052655827937956264
0.06215790089185117 -0.022736005816330306 -0.03363384476816231 0.05266989261150065
0.06214300863446833 -0.022723828087341504 -0.03361735167438408 0.052632997325845504
0.06213624221607027 -0.02272387872538323 -0.03362006762940169 0.052632249325887066
0.06215212308508046 -0.02273213262208767 -0.03362616161196608 0.05263617014119108
0.06211906109212023 -0.022741702396172746 -0.03363880184723339 0.05265403105094912
0.06215738305791395 -0.022734606985654812 -0.033632101170742675 0.05265923720481597
0.06213656279515766 -0.02272978394901685 -0.03362287479923763 0.0526380341390133
0.06213712293008685 -0.022725372614390307 -0.03361684735268507 0.052630833052777666
0.062140419924373816 -0.022726368803806133 -0.03361845466770163 0.052636153854479235
0.062143706619126764 -0.022727181308673367 -0.033624477658024954 0.052638436193161955
0.062163590354054235 -0.022735862081373622 -0.03363718757500264 0.052646150512395996
0.0621339438600571 -0.022724282908604117 -0.03361713988992709 0.052627345905374726
0.06217137365219946 -0.022728134483460855 -0.03362417195689011 0.05266630122425547
0.062132270232156464 -0.022722642597436303 -0.03361705074595404 0.0526266625031951
0.06214260067011365 -0.02272537099919827 -0.03361769965574588 0.052631684328833514
0.062136015829687426 -0.022725351768096796 -0.033619734322671915 0.05263660873954231
0.06209581927413342 -0.022726762204246895 -0.03362940192743991 0.052624646478852864
0.062144181914648655 -0.02272980398217962 -0.033624374749325135 0.052641857717521987
0.06217117601168567 -0.02273981628704322 -0.0336377832822285 0.052692332581117364
0.06213065709855589 -0.022727705203015133 -0.033624922605034344 0.05263299137924345
0.062154022454927856 -0.02272918717141982 -0.03362262826903064 0.05264098615367895
0.06216058903140476 -0.022739648551173455 -0.03364569778872423 0.05267543676155963
0.0621863666517841 -0.022744621844723565 -0.03364723726710713 0.052692339507473304
0.06218459612770948 -0.02273461038629858 -0.03363161079743504 0.05268772091736955
0.0621339438600571 -0.022724282908604117 -0.03361713988992709 0.052627345905374726
0.06213946091855139 -0.0227261757459974 -0.03362205836729801 0.05263442251127884
0.06217536689816195 -0.022739177941791325 -0.03364441428230747 0.05266746429451253
0.06214658504137664 -0.022725384645616162 -0.033626364089011644 0.05264591192188297
0.06215694683958709 -0.022737276128527995 -0.03363208901996857 0.05266631446430567
0.06216162143260765 -0.02273545263304434 -0.03363401335030979 0.052651676351777796
0.06216770805923154 -0.022732093344714224 -0.03363363126515363 0.05265189696163464
0.06217893827894686 -0.02273047091053534 -0.033641642235964025 0.05264533720832852
0.062128864682704024 -0.022722811590612516 -0.03361447578194596 0.05262942001562662
0.062146097633487864 -0.02272898746795727 -0.033621425957587235 0.05264281376590501
0.06213624998166286 -0.02272434748860083 -0.033614359573891195 0.05263189725344475
0.062153615739386305 -0.022725482369781815 -0.0336202474248313 0.05263714428543621
0.062137387009127736 -0.02272956739795473 -0.03362335330995876 0.052637189226197686
0.0621339438600571 -0.022724282908604117 -0.03361713988992709 0.052627345905374726
0.06213200852990304 -0.022723851609284217 -0.033617743260602115 0.05262427874570849
0.06215626771494418 -0.0227344704039662 -0.03362745230147803 0.05264854791485406
0.0621339438600571 -0.022724282908604117 -0.03361713988992709 0.052627345905374726
0.06216327229406318 -0.022732492327661488 -0.0336370424229298 0.05265437968261042
0.06213221341685155 -0.022741006896271992 -0.03363277903616937 0.05266712427082768
0.06213316775434722 -0.022724903967865064 -0.03361694758314517 0.05262827589462612
0.0621339438600571 -0.022724282908604117 -0.03361713988992709 0.052627345905374726
0.062199024002056576 -0.022734943287622447 -0.03365910390882315 0.05270878463833938
0.062200315015507664 -0.02274403918390517 -0.03367266661523789 0.052753587002592646
0.062147621997758404 -0.022730103537102305 -0.03362706732277445 0.05264080517151586
0.06226174974024724 -0.022743874662556857 -0.033682599713069465 0.052743617861968184
0.06217818553944511 -0.022750024855215975 -0.03366848416166104 0.05271803391807448
0.06218416468588722 -0.02272614311707063 -0.03365033314198721 0.05264740262700923
0.06219206030474048 -0.02275332540163226 -0.03367102990761287 0.05269841294756593
0.062166279280088804 -0.02273768376789455 -0.03363432476272909 0.05265163661129453
0.06216123237767391 -0.022744018842739383 -0.033644290056395375 0.052636136839019666
0.06212918764954453 -0.022738431916807376 -0.033628748357850666 0.05261238099821148
0.0621613636983624 -0.022736696808491514 -0.03363587668295268 0.05265476772496502
0.06216965711157645 -0.022741316460951 -0.033642971281025794 0.05266854080320074
0.06215702479722551 -0.022743361901205714 -0.03365601994665939 0.052701333792647284
0.06214884826052369 -0.022728396701982588 -0.03362544805112923 0.052637980618912734
0.06215651739412575 -0.0227320925105893 -0.03363358273155579 0.05264772066076235
0.06217855465429478 -0.022738113979999856 -0.03363534356976458 0.05266455376051799
0.06217476161961928 -0.022745680760186415 -0.033643116145252484 0.05265429121150038
0.06215443760926864 -0.02273275964877281 -0.03364574332633502 0.05267398856448794
0.06221317124220266 -0.02274617070694966 -0.03362883907027473 0.05265848575298323
0.0621915049457946 -0.022743978796182045 -0.033653146576701896 0.05269651181222263
0.062205123000561455 -0.022736470082248997 -0.033638533033856846 0.052693926717331266
0.062164038300221804 -0.022734535136674044 -0.03363349880850602 0.05264838829036593
0.06218550466764388 -0.02274495430820048 -0.03364589071811745 0.05266585525408687
0.06205343565613207 -0.02273868381348648 -0.033621490520932294 0.05264344278206471
0.06217289850429284 -0.02273864712473861 -0.03363583793359606 0.05265772939662014
0.06215542003538078 -0.022731745168525132 -0.0336494509666567 0.052652795055513846
0.06216829940130311 -0.022734504324772625 -0.03363188595651441 0.052652132277140336
0.0621339438600571 -0.022724282908604117 -0.03361713988992709 0.052627345905374726
0.0621339438600571 -0.022724282908604117 -0.03361713988992709 0.052627345905374726
0.06214268384085469 -0.02273101939334553 -0.03362749781377438 0.05264319631110939
0.062089529425512734 -0.02271112562252453 -0.03359168763682396 0.05259782097291859
0.062149113320705156 -0.022728591028846737 -0.03361801110377158 0.052642047055021554
0.06217377630919853 -0.022731361583069223 -0.03362608271026 0.05263743921856776
0.06214321507068435 -0.02274072420628071 -0.03363953003567597 0.052652329706348235
0.062136278894084386 -0.022733002787816398 -0.03363584367633836 0.052651788567531124
0.062169057101970904 -0.022726140448806775 -0.033655624271787477 0.052691016992934644
0.06212989622988906 -0.022726709629398135 -0.03360958552840655 0.052627976400748414
0.06216066290148253 -0.0227296629344465 -0.03362534465690901 0.052640120133451596
0.06219192617446634 -0.022749182308279513 -0.03367043017406502 0.05270446984970596
0.0621339438600571 -0.022724282908604117 -0.03361713988992709 0.052627345905374726
0.06217665610340946 -0.022767201240156788 -0.033677930681334685 0.05274641991592333
0.06221330824342514 -0.02274891956612782 -0.03368347900169043 0.05274484806113426
0.06214808594215618 -0.02272371311691013 -0.03361518839555959 0.052633170885735985
0.06219538155601308 -0.02274823734073108 -0.03367386694426713 0.05273587872630522
0.062187167218199245 -0.02274003499825093 -0.03367523192729857 0.05271033000124547
0.06214596487034126 -0.022730834972876673 -0.03362140040125093 0.05264977784497369
0.06214435831277363 -0.022733827021932003 -0.03364932811239655 0.05268511248330886
0.062199483164378254 -0.02274064325020682 -0.03366651991781497 0.05272610720085108
0.06213706335374498 -0.02273546731650695 -0.033632031916908355 0.052638443958203954
0.06211116765162288 -0.02271782917679503 -0.033607791599081546 0.052617594434037115
0.062181579242431645 -0.022738246093522426 -0.03365697137168983 0.05271143899382578
0.06214409896739061 -0.022731203660362187 -0.033623978790383396 0.052643543957295605
0.062098757451127834 -0.02270982723321783 -0.033625784533377494 0.052617838879953915
0.062166987011459465 -0.02273373347202116 -0.03363252439800134 0.052641946120224305
0.062048668690958694 -0.022715570430469186 -0.03360195232719997 0.05261634654333959
0.06212654043526498 -0.022748129386580995 -0.03361758665481656 0.052602327734414964
0.06212518700479417 -0.02273558719622015 -0.03362427625754006 0.05264488036420667
0.062108637300319416 -0.022714480253281565 -0.03358893181897048 0.05257990880413704
0.062148423390464315 -0.022727276166285636 -0.03360793749512762 0.052599390479430096
0.06212455804569663 -0.02270110861776603 -0.033589851191863355 0.05261671609992695
0.06202405996458742 -0.02273150098459347 -0.03358948907287776 0.05263223862422382
0.062167344422062766 -0.022723890260783662 -0.03362831024004465 0.052640152710232625
0.062082211548658034 -0.022721865299327515 -0.033589841144366035 0.05264231186585696
0.062125561410345226 -0.022713595316280817 -0.03361170027422323 0.05261745783536016
0.062094250566150096 -0.02270817052357526 -0.033605706386310934 0.05258410718662526
0.06213531201832834 -0.022729070135945263 -0.03363990629495042 0.05264738451539006
0.06211648112406586 -0.022726751442701594 -0.0336289923243666 0.05262914858022846
0.06210108947177091 -0.022724818489288316 -0.03363189511477177 0.05261831182825277
0.06213562733628346 -0.02272712393193108 -0.033637335538709394 0.052626266221004185
0.06202476722097152 -0.022696335423313316 -0.033561716917240865 0.052550141709346646
0.06210686324476558 -0.022721698831944588 -0.03360919831776585 0.052633818266166754
0.06207021881361172 -0.02270042093840383 -0.03357108837983478 0.05257703675202414
0.06211518322465659 -0.022726640042172796 -0.03359984754267511 0.05262027545425731
0.062080670167115375 -0.02272344061485813 -0.03358956021073205 0.05261089584797332
0.06203493030746026 -0.02271243335869378 -0.03359991780437116 0.05260125281136233
0.062046749070676484 -0.022738475538165052 -0.03361319001883405 0.052647319467812585
0.062061483797872866 -0.022723847438124122 -0.033618348245193934 0.05261896948577636
0.062015121944826744 -0.0227213419107266 -0.03359854898302481 0.052606094609984444
0.06211686300037809 -0.02272171395621025 -0.03361737802162841 0.05262173862337009
0.06213335657865424 -0.02272470021707267 -0.03362465372654549 0.052628374384233255
0.06209093605674289 -0.022702243004751467 -0.03360355736741339 0.05259785242600623
0.0621339438600571 -0.022724282908604117 -0.03361713988992709 0.052627345905374726
0.062073884231189 -0.022694811726248116 -0.03359630379440515 0.052571387254691015
0.06207403958701082 -0.022701642045224624 -0.03359417540010088 0.0525583543402626
0.06208200432936874 -0.022709315745978603 -0.03360327221405059 0.05257560871627089
0.062065835700402396 -0.022708984788674405 -0.03359188364961856 0.052572975966467685
0.0620938186194557 -0.022714000975725075 -0.03360520508916233 0.0525861741810918
0.062102882004511493 -0.022714706340421636 -0.03361263509082741 0.05257155081774162
0.06200331429703473 -0.02270293734486902 -0.033577550578619074 0.0524971392012722
0.06204789133946233 -0.02272067812732192 -0.03361420365112082 0.0525550250079225
0.06207769656231934 -0.022689361285925552 -0.03357853373152934 0.05257120988862075
0.062033348484464304 -0.022700721515858776 -0.03358390439495745 0.05253411384258907
0.062072387701219034 -0.022704099143005158 -0.03356820542289105 0.0525233766873756
0.06193328176024003 -0.022680922779381874 -0.03355320147309221 0.052532458949841515
0.062129385389622926 -0.022721077614400433 -0.033608816128585746 0.052625811309413274
0.06209133972438869 -0.022704616291383605 -0.03360286316219259 0.05259121128669869
0.06203490189434044 -0.022691713706249058 -0.03356460498076932 0.05253380537691268
0.06208437193588913 -0.022704927127298265 -0.033574011097676146 0.052577031726713186
0.06212501147563166 -0.022714452004349257 -0.033607287407649934 0.05261281453864484
0.06205470737414176 -0.022699784894367477 -0.03356166935786701 0.05259822170731854
0.06211328730239843 -0.022716254031096235 -0.03359695404004779 0.052600763058232275
0.062021927729984494 -0.022704840223215273 -0.03357003028532032 0.052566312831423954
0.06203487151110759 -0.022701959180819402 -0.03356870133911215 0.05258863752491075
0.062062320778234 -0.022716813287743845 -0.03359238444392027 0.05259151726720696
0.06204927776497983 -0.022691270641226217 -0.03356591812678726 0.05253314065546865
0.06202953976574125 -0.022693603097099987 -0.0335735289529958 0.05254039332221651
0.06209427660371139 -0.02271738380938348 -0.03359620165104473 0.05261665337337218
0.062010258740101784 -0.022686508500465784 -0.033571842888429716 0.05252073137607948
0.06193817048669414 -0.022658389683887965 -0.033529837191968344 0.05247483224243072
0.06197817963403695 -0.02267470592631457 -0.03355585650368727 0.05252626853897051
0.06200890722339306 -0.02268736012622081 -0.0335621066696122 0.05252734754149652
0.06201468458118721 -0.022685017103383213 -0.03356110755865804 0.05253597561089034
0.06200735991674857 -0.022683996051083122 -0.0335481684627316 0.052532679239849285
0.06204894233949018 -0.022688596154049032 -0.03357704723800093 0.05253541741402461
0.06189218669122089 -0.022635612294191955 -0.033494042164481014 0.05237404752313314
0.06195536116954954 -0.022678954137484695 -0.033528809367679616 0.052489912496056786
0.06198012823323878 -0.022686010826641123 -0.033563966211107014 0.05248356592292986
0.06198319162233914 -0.02268747920358361 -0.03355867668395588 0.05254099455966174
0.06197568530545783 -0.022677497043862464 -0.033551182650189366 0.05247851007149231
0.06194628794152331 -0.022646920926590333 -0.03352452514721195 0.05240954730284948
0.06193378367580386 -0.022655991291589194 -0.03351334677161014 0.05242818704631893
0.06188790322182227 -0.022627677323848728 -0.03349154818016701 0.05237118016775622
0.061962131134179026 -0.02266600283675666 -0.03353194476408952 0.05247990292129106
0.06206715729040263 -0.022697740360956446 -0.03356380080528834 0.05258424607079975
0.06176599169230246 -0.022601992672641368 -0.03342520186759812 0.05227439961953677
0.06202080230735863 -0.022685028847383368 -0.03354862816223903 0.052507001414597014
0.06204130990587085 -0.022703009149904592 -0.033572320202693795 0.05258673062593796
0.06209106871715867 -0.022715091613522042 -0.03359692994278556 0.05260171255514624
0.061913811726754114 -0.022681384356325104 -0.033531332029943385 0.05249787451678314
0.06202301722171778 -0.022689869021053608 -0.033566803950994074 0.0525596694414293
0.06201363644179775 -0.022669715888105985 -0.0335344060328063 0.05249536627753616
0.06194451475163195 -0.02266637475070715 -0.0335263622192503 0.052469393893874436
0.06198170622502544 -0.022674352349145555 -0.03353611287283718 0.05248504812574821
0.062110194545787215 -0.022713220930309235 -0.03359424050825054 0.05259319558485258
0.06207631613289998 -0.02270854606788391 -0.03358902861797668 0.05255174990267844
0.06190416320162091 -0.022638414681833 -0.033482679038184755 0.05239660839688877
0.06197339236354197 -0.022674668885580153 -0.03354171122261954 0.05248356345338229
0.061911841395431336 -0.022656384457987393 -0.03350640685796546 0.05243127015419791
0.06195879049851928 -0.022662656020844406 -0.03353408307609397 0.05245137342157131
0.06200879128458741 -0.022683878739097402 -0.033554266332596054 0.05252854359474533
0.062038995207900474 -0.0226881767340216 -0.033570928747786506 0.052558696668078754
0.06207552478875602 -0.022702254753879703 -0.03358125518344463 0.052575539742500725
0.062057894866788546 -0.022704020413253923 -0.03356129235575487 0.05257086019846253
0.06199015051829071 -0.022680787236154888 -0.033531029000189325 0.05250128110016109
0.06201994343919718 -0.022692882514896005 -0.03355886318684577 0.05254621531254641
0.06188705329511257 -0.022656160956678214 -0.033497151842707025 0.05243993342817365
0.06195574529659494 -0.022662415137595433 -0.03353123516105056 0.052478277569356246
0.06193589502265119 -0.022661975959924453 -0.03351765910306046 0.05246166177773351
0.06190901195148001 -0.02264464315641177 -0.0335061439430017 0.05240787883167159
0.06193500358909184 -0.022651388033646854 -0.03352340752057883 0.05242651772046483
0.061944628826091246 -0.022658586156429874 -0.033506973434733224 0.05244374378559681
0.06195033797160558 -0.02266008816265866 -0.03351134382065312 0.05244739259471739
0.061939002222969046 -0.022649919779347653 -0.033510632170294576 0.052446114121564115
0.06194928563780512 -0.02267414741742667 -0.03352148436296466 0.05248882189164301
0.06199898122399627 -0.022685807884154766 -0.03356034464800978 0.05249783626927148
0.06212146565176239 -0.02272179847612089 -0.033613367055151576 0.052622398359956725
0.061948320815915454 -0.022653907114714007 -0.03350237073054422 0.05244735682980142
0.06194301116179368 -0.02265854323086545 -0.03353161258632208 0.05243674063107205
0.06207615498379627 -0.02270368182164071 -0.03360578537613131 0.05258187090969913
0.062053794801237946 -0.02268437437967241 -0.03356950370897885 0.052533270199966974
0.061938206988478135 -0.022640377171160936 -0.03349814392726688 0.052408083102803385
0.0620190438333325 -0.02267582217861596 -0.033557856214653105 0.05249695627628385
0.061949655469159294 -0.022658951415308527 -0.033513841561049584 0.05241564025174929
0.06192225451771372 -0.02264876118253665 -0.03350398162074152 0.05240700359087282
0.061923537299769814 -0.02265902608986847 -0.03350734212838761 0.05243526146958806
0.061859274458546554 -0.022640619096368955 -0.03348366787467224 0.05240038541692274
0.061973021895460834 -0.022656003547796687 -0.03352898839729999 0.052437317935614396
0.061986939084134204 -0.0226565839785075 -0.03353321030928559 0.05244581469062369
0.062007414380124685 -0.022687602395240834 -0.03356095836798997 0.05253665142533675
0.061974872479237636 -0.02265934382632475 -0.03352594622566622 0.052392984095732335
0.061959314441043044 -0.022667381954865635 -0.033518275141050116 0.05245225409770315
0.06209457047258146 -0.02270905835638478 -0.03358479409035655 0.05259060530863116
0.06190342986308373 -0.02265071475135765 -0.03351072983649047 0.05242624350447244
0.06193035632175815 -0.02264788907154512 -0.03350128017368101 0.05242835742517654
0.06191727725070847 -0.022650798610805985 -0.03350660174632167 0.05243561366291019
0.06195594097120971 -0.022663302452915115 -0.03353634708349748 0.05247240896608078
0.062100271487943136 -0.0227210647090146 -0.03360498392309477 0.05264256232068184
0.06193293673274193 -0.022665804639068716 -0.0335238107072519 0.0524633753325867
0.06209139319337209 -0.022701524421926734 -0.03357780222641957 0.05257335786708225
0.06201239229197811 -0.022712210382914082 -0.03357739408283548 0.052551365410969615
0.0619671003488736 -0.02267172201828941 -0.03352820207334785 0.05248407459439299
0.06206548957087492 -0.022698133372175144 -0.033584819377657636 0.05253942694931557
0.0621129315902384 -0.02271914581795348 -0.03360159235505124 0.052565510831621136
0.062075956781548 -0.022709063801146206 -0.03359218780983703 0.05254241700843162
0.06209439266738228 -0.02270620525046937 -0.03357484069019655 0.052551705324173616
0.06210262037089576 -0.022728327986535596 -0.03362561223094404 0.05260821597360314
0.06206595863571859 -0.022688889652967878 -0.033588393205784474 0.05252443723881304
0.06211953459836405 -0.022718299404364938 -0.03360470951544745 0.05259569884876144
0.06210307393615579 -0.022718678432905134 -0.03359953842331256 0.05259076526084794
0.06201536276062373 -0.02268348953270634 -0.03355163694354464 0.05253206121055711
0.06206354361094836 -0.022689968289469654 -0.033566626320370656 0.052530533134357245
0.0621339438600571 -0.022724282908604117 -0.03361713988992709 0.052627345905374726
0.06215487946216478 -0.02276264262202571 -0.03367875497870666 0.05274206108259839
0.0621076086153688 -0.022721582087707432 -0.0335936256087945 0.052585313854161674
0.062110922818972535 -0.02271706460419875 -0.03361126041915361 0.0525860485572488
0.06208007216603104 -0.022700024564014983 -0.033582499825920216 0.0525561322926791
0.0621089799134784 -0.022712046071536325 -0.03359261010506238 0.052581294647849795
0.0620518495736103 -0.02269906243285968 -0.03355631916300443 0.052555051777528214
0.06214683824810476 -0.022722532375621652 -0.03361706624533574 0.0526290791505434
0.06212319741482981 -0.022715239702702072 -0.03359950400683197 0.05259688778293728
0.062135345819508005 -0.02272012178037435 -0.03361013778594901 0.05263152304424014
0.06209276473679333 -0.022718139402475333 -0.03360601793265167 0.05258763141249206
0.06218541081733569 -0.022734918830998162 -0.0336538866067604 0.05269455097624546
0.06209948515888924 -0.022704188338281008 -0.03358738068013181 0.05256388429785489
0.06214753477052681 -0.022725281267814944 -0.03361769722780678 0.052621993150381886
0.0620785711624847 -0.02271895475297005 -0.03358533090231639 0.052590979506417175
0.06210857068657898 -0.02271605142168051 -0.0336028001005555 0.05257698534233901
0.06217283642033564 -0.022749783866356635 -0.03364575807522149 0.052650680585769376
0.06223464749677232 -0.022764080886652802 -0.03371381531953556 0.05275544520600407
0.062131188772674754 -0.02273146577941357 -0.033633918713583275 0.05263539933099251
0.06214785629746282 -0.02273742638311391 -0.03362373006322408 0.052628436686860416
0.062131241079937234 -0.02271725424024364 -0.03360396237749671 0.05258868983290838
0.06214135575523531 -0.0227371001595391 -0.0336184441754722 0.05261221719339016
0.06212633241660999 -0.02272622918907765 -0.033614372126308405 0.05262750960101184
0.062085037665044696 -0.022727369949646813 -0.03363054759976232 0.05261254352898556
0.062132757677807654 -0.02272405108319652 -0.03361215270427957 0.05261897349723002
0.06226529661357821 -0.02275601290062464 -0.03366340816542095 0.0527002232266301
0.06213250770751705 -0.022737941543840914 -0.0336137419904583 0.05262858095391364
0.06216795131262833 -0.022737407501944498 -0.033632850890567834 0.05264599876429722
0.06218452238879516 -0.02271901336321126 -0.033622928473341314 0.0526225096065816
0.06216893255638799 -0.02274767201149972 -0.03364028223976489 0.05268090824148318
0.06218358327871049 -0.02274869393519444 -0.033648746933435544 0.05264134241477747
0.062207317569557684 -0.022755865052953912 -0.03365893345513935 0.052671147520734506
0.062214564140268394 -0.022759956355456246 -0.03367935673029392 0.052670102876530574
0.06219058407583901 -0.022732591815010528 -0.033624367839692276 0.0526753930294189
0.06220556366553385 -0.022759552143037338 -0.03369448719273387 0.05270406118041416
0.06214601611775386 -0.022741464437520897 -0.03362298021131533 0.0526022091552421
0.062233806390716385 -0.022775813892205416 -0.03367229529999121 0.05271965099214879
0.062340582740927776 -0.022786573361774826 -0.03371912185464145 0.052710022414874304
0.06220715019344669 -0.0227457539036634 -0.03365612462399446 0.052673548554732406
0.0621308704183683 -0.022706058486755373 -0.03360753265680772 0.0525858272836728
0.062257280303284354 -0.02277361562681824 -0.03367055357800023 0.05271084464461299
0.06220323573433966 -0.022735410681266013 -0.03361669839937068 0.052671020947358295
0.06214705221256391 -0.02272330311643542 -0.033623016449491484 0.052589288087173836
0.06212066737476896 -0.022710398791913198 -0.033611843178477895 0.05256171757070746
0.06219792615320215 -0.022728770539130187 -0.033629961852874486 0.05266408088668861
0.0621961279175761 -0.02274972957475718 -0.033653269336007 0.05268789401447852
0.062162203662081555 -0.0227242979245645 -0.03364106077502298 0.05262342888068364
0.06229589869933407 -0.022792818211632763 -0.03372570202911074 0.05282200482287816
0.062219401234551976 -0.022775416048366134 -0.033676855655480155 0.05273488396804865
0.062246694592761456 -0.02276137235060505 -0.033676662686099 0.052721258181612794
0.06221854549739712 -0.02274066379355656 -0.03363755365325597 0.05267207089688791
0.062196355824754745 -0.022749633232049583 -0.033661114734334176 0.052681707015039575
0.062190053895854296 -0.02272895992709433 -0.03363615454177974 0.052654325531153554
0.062206201820044826 -0.022716742590767582 -0.03362048860945256 0.05265631846983642
0.062324132968334695 -0.02279273508198334 -0.033713698820767524 0.05278931779867549
0.062172354922818716 -0.022736554511736548 -0.03363770016106583 0.05266063973237723
0.06221867760400472 -0.022750991441893974 -0.0336711618805475 0.05269362400557963
0.062225289325418584 -0.022755690790001806 -0.033679731357514814 0.05268132291771458
0.062315391987957436 -0.02280568297984486 -0.033740821349098414 0.05284796060322332
0.06223775485168557 -0.022776369024318028 -0.033683816725836764 0.05274148884858662
0.06233649800536313 -0.02280571076603635 -0.03373070273660022 0.05282776058140442
0.06230495534942435 -0.02278962851532836 -0.03370843150972163 0.05279947577319925
0.06233638087586808 -0.022788656385894786 -0.033738826476888445 0.052759641077430273
0.062257559312515774 -0.02278115078966129 -0.033728926075386294 0.05276302853353622
0.06237014414575885 -0.022825964514228456 -0.03374740808141249 0.052890322107241906
0.06217652687645418 -0.02275274581274584 -0.03368027179877576 0.05274295439224589
0.06219812919089795 -0.02275266983727306 -0.03367755391255316 0.05276964420828433
0.06218442132732765 -0.022752505005236734 -0.03365260436960978 0.05270104062368527
0.06236223934959041 -0.022821863960709884 -0.03376426112205904 0.0528827480361113
0.06238385287024203 -0.02282405297164134 -0.03376432742041677 0.052848109279067496
0.06224784560394287 -0.022786044334857463 -0.033706721279733454 0.052785970473237104
0.062291346595750155 -0.022793937847226737 -0.033713952465934525 0.05282069419765752
0.0623038703538418 -0.022796036322984877 -0.033724177388483545 0.052815625397162405
0.06221812822502783 -0.02273523341735447 -0.03363915464977991 0.05266431834090569
0.06218533088856446 -0.02272763718722831 -0.03364400049851179 0.05264800470408282
0.062243928670318235 -0.022755170174596207 -0.03368957199053335 0.052765267284135664
0.062246264068575044 -0.022751821117250968 -0.03367556982453022 0.05272277500801657
0.06220132506136264 -0.022756277144299567 -0.03369078650780981 0.05275458368302015
0.0621339438600571 -0.022724282908604117 -0.03361713988992709 0.052627345905374726
0.06238109160395503 -0.022804565302942437 -0.033765893028361776 0.05288636904496563
0.062398835355412005 -0.022857937857120994 -0.03381394678034021 0.05291518085345447
0.062314979046302475 -0.022793779601420185 -0.03374789276987487 0.05283396086939227
0.06232568979640905 -0.022800221929159703 -0.03372653806995894 0.052828640775271093
0.06219377570229313 -0.022756959777558934 -0.033673354780491424 0.05277671696002415
0.06239930277375725 -0.022834432901763513 -0.033788935767721226 0.05293691366240078
0.062253623123872365 -0.02277166366350035 -0.03368046612378403 0.05276388301041449
0.062198891763520704 -0.022758067871579732 -0.033673028636344686 0.05271859565981483
0.06233403824314865 -0.022823421595972906 -0.033736678004264144 0.05288611256072484
0.06224413116217567 -0.022757058747470475 -0.033690269727509846 0.05271971523797593
0.0621339438600571 -0.022724282908604117 -0.03361713988992709 0.052627345905374726
0.062158201378418966 -0.022739607377888275 -0.03364294071467236 0.05268849445346082
0.06221154679054089 -0.022762745350309452 -0.0336903416024095 0.05273234663218529
0.06223145454239409 -0.022783482084262403 -0.03369079764736726 0.05277258569450216
0.062229876143630854 -0.02277471460733029 -0.033699305724550516 0.0527410854105459
0.06220705227699617 -0.02277286577871073 -0.033676120625468285 0.05272461987392801
0.06212423896145909 -0.022748388655193956 -0.033637476709539295 0.05265255752836872
0.062143065119366084 -0.02274806484557015 -0.03364712695509821 0.05266632735176289
0.06214843711663802 -0.022730400743113843 -0.03362964203599598 0.05264687334264582
0.06243431889293788 -0.022815559177651233 -0.033770019801613926 0.05286775709857009
0.062238407841525276 -0.022769632342671684 -0.033696491073240936 0.0527461810254073
0.06217787144198843 -0.02274959188616889 -0.03365052379030128 0.05266961498615041
0.06212102410382258 -0.022733373447767585 -0.033627203036146205 0.05263573463254815
0.06238564360352308 -0.02283723040872396 -0.03377987264523357 0.05287230370227915
0.06232327295001276 -0.02280991852065276 -0.03375364669536544 0.052830484912532893
0.06223392718139253 -0.022778863964401246 -0.03370602023330928 0.05275408022558561
0.06240956424084709 -0.022831285076025592 -0.03377492947027134 0.05288041827519121
0.06252601049276914 -0.022847665964682674 -0.033833389183739425 0.05297913584788153
0.06241319145480556 -0.022846600686828755 -0.03377137717354358 0.0528652662147163
0.06227594471066572 -0.02278468488271701 -0.03371327573545707 0.05273822354974764
0.06239350134261566 -0.022825140793520434 -0.03375629633331286 0.05290188980740639
0.062470216540261816 -0.022841936922912677 -0.033798359784882465 0.05294185011024388
0.06229214887944512 -0.022779246576896395 -0.03367700795442262 0.05273277385840017
0.06242691024294718 -0.022827742279293694 -0.03377871054849921 0.05291278600755168
0.062418018756733494 -0.022855872921593703 -0.033806586599832905 0.05298267256744796
0.06232088823633293 -0.02278000297063925 -0.033709327864115665 0.052806483920431524
0.062260601702643345 -0.022772890410607854 -0.033686936671922844 0.052763727313771366
0.06257347197870378 -0.02287807025252668 -0.03386885435267671 0.053033726317862365
0.062226662379734905 -0.0227444215327494 -0.033651442580308916 0.052679819192446416
0.062289183965772314 -0.022780576356469222 -0.03368821182420746 0.05278769549048354
0.062310776636216085 -0.02278991350529902 -0.033702317666442515 0.05282008211473049
0.0624685106638574 -0.02286687693081433 -0.033826256305052795 0.052997647739168666
0.062419674844241636 -0.022846944329753496 -0.03380150188133266 0.05300419405953527
0.0626446932806682 -0.022904066987627057 -0.033914254200840516 0.053168611098604115
0.06241464808719375 -0.02283576721016813 -0.03379291121642591 0.05294962426802213
0.06217248467614611 -0.02274283356370047 -0.033643047206655036 0.0527014445882061
0.062134496506296676 -0.022724389312476508 -0.03362206259378728 0.052650554757613016
0.06212597541502825 -0.02272790878905229 -0.033624291593524445 0.052633274732955586
0.06213853886238949 -0.022723962370803267 -0.03361973172207147 0.052629555151609414
0.0623542375370752 -0.022813186798380167 -0.033739311200377896 0.05284731040460154
0.06217194728012021 -0.02276445524495356 -0.03366306839247386 0.052723187061760476
0.06217584274604811 -0.02276191002459904 -0.03366290279317502 0.05272145550857414
0.0621337832351589 -0.02272847868364196 -0.03362658350340854 0.05261380917397695
0.06213757645340785 -0.022733258107230463 -0.03362494683038742 0.05263242490501077
0.06213520547511777 -0.02273190408462271 -0.03362472310351391 0.05262178328213472
0.06225201812686798 -0.02276183714789781 -0.033670316264973625 0.052726770539483554
0.06229287408785163 -0.022791394288372766 -0.03370448295906715 0.05278727141265906
0.06213977654090643 -0.022721989805524003 -0.03361545352071299 0.052624165897363004
0.0621339438600571 -0.022724282908604117 -0.03361713988992709 0.052627345905374726
0.062299987533270894 -0.022787185026012027 -0.03370421173378794 0.05275450884627982
0.0621339438600571 -0.022724282908604117 -0.03361713988992709 0.052627345905374726
0.062257150323089774 -0.022778621506052414 -0.03367499436968498 0.052741579720318184
0.062424383885440984 -0.02284753312877031 -0.03381275301224725 0.052952662839899044
0.06231972684257257 -0.022794994416406474 -0.03374287990205702 0.05285854817886737
0.06237160695327778 -0.022820315265436573 -0.03377507813580475 0.052913822271897906
0.0623150513665005 -0.022793797635237242 -0.03374824024837383 0.05284656425263324
0.062283322262607806 -0.022794084011658975 -0.03372522542861641 0.05280604753972958
0.06250050875516287 -0.022825344197317538 -0.03378657373324228 0.05294519012719305
0.06245778628473927 -0.022820227274650835 -0.0337681238932974 0.052918647411901366
0.062258758846416073 -0.02279854694041669 -0.033723394923629635 0.05281041057210423
0.062345934526988604 -0.02281246626142327 -0.03376418233996345 0.05288584551659293
0.062359963095495345 -0.02280147719289836 -0.03373814736915179 0.05284847651579179
0.06247398235824864 -0.022824592282245437 -0.033798169744118124 0.05291287132118261
0.06234879081851237 -0.022795655032363134 -0.03372330245087673 0.05279516792586565
0.062346938909198735 -0.022783469810772665 -0.033721730047014786 0.05279316361142715
0.06216755179259253 -0.02274306568506262 -0.03363422236222915 0.052667429896287726
0.06215433653571741 -0.022744031630010528 -0.03363471027926749 0.05266122755027553
0.06223109394089859 -0.022749532705679205 -0.033658043455752226 0.052713717288395794
0.06237387082863884 -0.02280869425113967 -0.03373435766804271 0.05285015739816748
0.06231902524588051 -0.022780242954118672 -0.03370976470664917 0.052788942305013624
0.06230000072643897 -0.02278998468394453 -0.03371238263492014 0.052777468257337284
0.06245317111290611 -0.02285718904720028 -0.03381791731210952 0.0529542772128721
0.06247560135567406 -0.022848130691488812 -0.033803762819039636 0.052944504621509896
0.062344019900936826 -0.022795800966256958 -0.033708738969105236 0.05276268182715379
0.0624796527048888 -0.022831016704316823 -0.03376859713766255 0.05288258866861614
0.062418501183472315 -0.022833690457327034 -0.03377464849592911 0.052895935834670914
0.06215826821819483 -0.022728623478002204 -0.033603829210568106 0.052644004836771716
0.06228203042378073 -0.02277974361960911 -0.033681869832276654 0.05278344383435303
0.06242522045292625 -0.022832924025276896 -0.03378253404346298 0.05289609423025362
0.06246208559364784 -0.022822655975022532 -0.03378083098678226 0.05292682519964142
0.062439406982570916 -0.02282017147239157 -0.033768745715397765 0.052921391401504606
0.06242318238502466 -0.022828565637252923 -0.033755946217218294 0.052961774948111134
0.062359866720311796 -0.02280806467064097 -0.0337351516925972 0.05286094683364984
0.06250545395996777 -0.022870238473129786 -0.03382930416392814 0.05303153765693492
0.06241236390468499 -0.022834621495433225 -0.0337877964946408 0.052925316798556346
0.06231317176124019 -0.02279883760888512 -0.03373717991144457 0.05282744037221158
0.06229755077185008 -0.02279256119289426 -0.03373882057663507 0.05283622890801174
0.062452037690530135 -0.02282666627662773 -0.03376674226476375 0.052915128147826576
0.06241854026259882 -0.022828448971534982 -0.033765930516593476 0.05289376149744899
0.062165310719407924 -0.022729902255176706 -0.03362863807930344 0.05267631132601517
0.0623164427733817 -0.02280210629958672 -0.03370915266645845 0.05279397453480433
0.062314033920878746 -0.022797338710915976 -0.03374121601386517 0.05282059719895319
0.06228005678614815 -0.022778939693791914 -0.033697892395915044 0.05275854504608938
0.06228840708906404 -0.02278745078686981 -0.033726747218242245 0.0527970229772472
0.062199933289349266 -0.022747233329067456 -0.03364219370686998 0.05272211781892458
0.06260664541096864 -0.022885121826826487 -0.03387024944461676 0.0530405099734505
0.06245960422985133 -0.022829263958490536 -0.0337850218067584 0.05292592813345326
0.06244937949534753 -0.022833544208344825 -0.033787342888086165 0.05290759157633775
0.06247698357751101 -0.022828355593236427 -0.03378491836856892 0.052959609647571126
0.06240533509107539 -0.022798939097333923 -0.03373603552690915 0.05286041484835529
0.0625224963003547 -0.0228641905820236 -0.033816592984165936 0.05299076914415769
0.062464189238951556 -0.0228535041864748 -0.03380917648400878 0.05294248102801658
0.062395980558856284 -0.022830907578948328 -0.03376620296011531 0.052875723672120116
0.06238126741992536 -0.022803403423579453 -0.03373154647155391 0.05283004247797616
0.062420151406022265 -0.022833142348779912 -0.033765419450458564 0.05288853502520362
0.06230602943931078 -0.022790195183647943 -0.033697454935110824 0.05280555174087038
0.06229581212604317 -0.02279341037711994 -0.03371812256043228 0.05280464225792576
0.062280787212635816 -0.022780992466519302 -0.03371710501015458 0.052780093056147184
0.06223416006406543 -0.022768873039083492 -0.03368415917620354 0.05274911048377002
0.06235270507992896 -0.022813253153482507 -0.03376560983707712 0.0528702157346163
0.06233250950790352 -0.02280358382628406 -0.03371587068547707 0.052867590256712546
0.0624331201815828 -0.022840178785709108 -0.03375711578856155 0.05287088186560495
0.06231157640775441 -0.0227880296225992 -0.033723555550093695 0.052802029145379514
0.06244859814826143 -0.022838580590240704 -0.03377738187580417 0.05292602906922981
0.06218665155457738 -0.022743037007006823 -0.03364786924901446 0.05266417392054527
0.062154322377623 -0.022738213424240487 -0.03362891388991574 0.05268760271234542
0.06222330757407869 -0.022765470919224817 -0.033660820663795006 0.052719515350144915
0.062186503210613454 -0.02275645679059208 -0.033670580564224846 0.052706574964419134
0.06242196309067286 -0.022839324861257417 -0.03377377235014272 0.05291000815833324
0.06247669194926954 -0.02285428585440895 -0.03380578870528709 0.05292264782366294
0.062233234165359634 -0.022761573296244043 -0.033674628712283085 0.052722283968744156
0.06236628930225722 -0.022811573815534357 -0.03374021981382593 0.052846412799334865
0.062175186630330705 -0.022740246937144312 -0.03363481589863226 0.05265082519442022
0.06232225119436332 -0.022790262511080468 -0.03371468433160581 0.052805993618318656
0.06234674292079221 -0.022778103992336658 -0.033715417123139274 0.052802392734659497
0.06235382237336556 -0.02278858712376051 -0.03372825735267537 0.05280236640288446
0.062229544575842 -0.022770406090607525 -0.03368789126427191 0.052742490538630005
0.06220130583546691 -0.022756021752613844 -0.033669883060726886 0.05270430951861238
0.06225885604388749 -0.022762480985799343 -0.03368700190469214 0.05272877207460834
0.062201140899834376 -0.022762992939513744 -0.03366973446946264 0.052714899417403246
0.06221320644272255 -0.022760768889300825 -0.03367208602146088 0.052741621161213094
0.06222054320716689 -0.022763136223671862 -0.033666809211350776 0.05273242166836312
0.06226155576629947 -0.022789246632402282 -0.03371769865454413 0.05275821987140234
0.06222311345899118 -0.022761039205411737 -0.03367053493627802 0.052711996874817535
0.06246910755354475 -0.022859095279645986 -0.03381151804019937 0.05295171476009484
0.06252553659707148 -0.022849710547879307 -0.03380805508215961 0.05295834641660414
0.06232979298379942 -0.022790287498110004 -0.0337237223191138 0.052838311422653036
0.06250439372928485 -0.02285255411691818 -0.03378532441448287 0.05299323290211229
0.062386872655674 -0.02279669644074614 -0.03372634914293556 0.052841429689425796
0.06242619628897703 -0.022837364407889776 -0.03377367234312235 0.05291589850749871
0.06233157201576465 -0.022803362409215686 -0.03372826304063678 0.05282305567146333
0.06237124768166527 -0.022814989053427676 -0.033750901652543575 0.05288662993489334
0.062191263375782624 -0.022764902298553033 -0.03366926576734693 0.052714125545353464
0.062303053088743336 -0.02276809119414375 -0.03369909680386377 0.052764832197249985
0.06222033026246242 -0.0227497982215804 -0.03366574639972724 0.052726868499606276
0.06216831586668593 -0.022748231599493643 -0.0336498225107447 0.052690826730779836
0.0621339438600571 -0.022724282908604117 -0.03361713988992709 0.052627345905374726
0.06221215597254459 -0.022747175600935445 -0.033654813298070435 0.05268859522666418
0.06223052311442256 -0.022760987070385475 -0.03367213514641011 0.052747579803456755
0.06224952506716604 -0.02275942844882464 -0.03367460417889183 0.0527302056890881
0.06220253765822589 -0.022751571533639943 -0.03365476863814849 0.05269591840443976
0.062374597377427884 -0.022806107312731392 -0.03375590738708107 0.05286365832563828
0.06237340384076439 -0.022813912123858467 -0.03373421772072643 0.05285236993175083
0.06225517928537451 -0.022800810645734224 -0.03371824730543265 0.05278865084912506
0.0621339438600571 -0.022724282908604117 -0.03361713988992709 0.052627345905374726
0.0622037684072525 -0.022771982862492778 -0.03367255978846112 0.0527390346531181
0.06236512282250125 -0.022803374250163808 -0.03373979254212758 0.052880375062359354
0.06246733655686658 -0.022847930202204787 -0.03377133495319791 0.052976544114031715
0.0623650175187106 -0.022823836269931723 -0.03377071821194393 0.05290077622941816
0.06234328211541393 -0.022808819793591898 -0.03373861853234808 0.05285889965617464
0.06231731912307142 -0.022785782527315716 -0.03370288309611251 0.05282345740637102
0.06238892897666813 -0.022817257345220946 -0.03376404732624804 0.05289736097517758
0.062320430190528825 -0.02281291107259537 -0.033743033261181554 0.05284754398665914
0.062182920995414476 -0.022751734434144293 -0.03364822401775014 0.05270365361203919
0.06235178416308463 -0.022770087694292198 -0.033699605504703 0.05279936460747816
0.06233010634924462 -0.02279474969162175 -0.033759332712256535 0.052853036995391026
0.06213684718203993 -0.022737003108435665 -0.03362829353016563 0.052645003190607
0.0623736993446345 -0.02280603255076138 -0.03373817530741205 0.05287466372004609
0.06231121075790861 -0.022782959205028503 -0.033727200500492854 0.05279669612572477
0.062202240959229355 -0.02275814594320979 -0.03365943943641268 0.05270440696959289
0.06230593982687973 -0.022769496916114983 -0.033682440755171794 0.05276971321544918
0.06236311878555956 -0.022829281038914465 -0.03374758406106144 0.052869215371781485
0.06221778864729728 -0.02275197628695216 -0.03365497577800493 0.052708784979525955
0.0622386094212344 -0.022756338306338636 -0.03367073934737082 0.05271913119003126
0.062237759170265 -0.022759414487548084 -0.03366947343807831 0.05275027990933922
0.06227604543732199 -0.022793202331818592 -0.033721568642662764 0.05279730775926961
0.062436869981274394 -0.022839273242484512 -0.03377136862943815 0.052907715261687915
0.062393014070940625 -0.02281880214522654 -0.033752279054626744 0.052859443541359505
0.06215664328723785 -0.022730915061060963 -0.0336201762526468 0.052645257814971605
0.06226329884050113 -0.022764585712727027 -0.033664876181344686 0.052735219298985316
0.06223035157513551 -0.022746084889565286 -0.03365615610110928 0.052712089254502575
0.06213813007357536 -0.022744110546396305 -0.033629627591287826 0.052660280501155544
0.062184947118825384 -0.022735817421121515 -0.033642500125615746 0.052660751326652905
0.062141937067054794 -0.022729109899481934 -0.033624363540961606 0.05264156807089222
0.06227244753870283 -0.02280049004762007 -0.03373004515624882 0.052820005985362246
0.0621339438600571 -0.022724282908604117 -0.03361713988992709 0.052627345905374726
0.06217705174087023 -0.022746315074886038 -0.033632713425729016 0.052661139152845225
0.06223434775260154 -0.022754914295488177 -0.03365891299400585 0.05273956902111762
0.06214222409683602 -0.02272768272752089 -0.03362154676245506 0.05263197366633086
0.06222631109332243 -0.022786592184871945 -0.0337109945735761 0.0527655040791479
0.0621339438600571 -0.022724282908604117 -0.03361713988992709 0.052627345905374726
0.06220361855117687 -0.02275326313878333 -0.03366336565204555 0.05271139295765259
0.0621823169843902 -0.022727161544574496 -0.033620971148205225 0.052639798903746364
0.062357488545829065 -0.02283310073692368 -0.033757036513540686 0.0528916561585227
0.06216543630682154 -0.02275381160470218 -0.03366348796039595 0.052701718455743
0.062187808138393204 -0.022732894335261433 -0.033641188805404225 0.05267381029344447
0.06225155078133706 -0.022810945963404314 -0.03371175747277243 0.052835863986269
0.06213762381347657 -0.022746603937093438 -0.03363905602428696 0.05270686132265156
0.06215888973844254 -0.022743062741772662 -0.03364431813094875 0.05267094275942545
0.062312725375986006 -0.02280057566691331 -0.03371627342017167 0.05282518468711578
0.06227866312351418 -0.022793607821773136 -0.0337042066940668 0.05280138412841918
0.062186896402987066 -0.022733637505316148 -0.03361983332506098 0.05268033912060039
0.062163430613297974 -0.022721996542227018 -0.03361094430077231 0.052641147795266685
0.062216883957725136 -0.022745264798318864 -0.033648075361870804 0.05271967442239331
0.062196880884192264 -0.022738312428623297 -0.03364376614235067 0.05268171730368299
0.062233327720459405 -0.022755849216427294 -0.033678438477069826 0.05269907164388162
0.062270410054794195 -0.02277921502108981 -0.03370005979922141 0.052764087405746334
0.06219762032525606 -0.022745959007596454 -0.033675721158656136 0.05266742585376526
0.062282446464964336 -0.02279991782917922 -0.033698402323725805 0.05280984268512125
0.06214152819119941 -0.022759037854997607 -0.033648907316221895 0.052721102551354315
0.06216665227625892 -0.022767061917465088 -0.03365961146710309 0.05273029307064808
0.06227635422403924 -0.022783110621937986 -0.033713842800430084 0.05276432495541322
0.0621339438600571 -0.022724282908604117 -0.03361713988992709 0.052627345905374726
0.06222199179469245 -0.022751295012581278 -0.033675409312868755 0.052710098745093255
0.06215927569378736 -0.022745169581440898 -0.03364754209067666 0.05268225833293077
0.06219655349702593 -0.02274355665644903 -0.033664912689840065 0.0526764058469259
0.06219107241096648 -0.0227421333967927 -0.033611424653608266 0.05268076777718102
0.062215414672483586 -0.0227475504679256 -0.03366684143474296 0.05268086596928094
0.06216285562435618 -0.02272188559849773 -0.033632023781854904 0.05265936479686372
0.0621339438600571 -0.022724282908604117 -0.03361713988992709 0.052627345905374726
0.06219642100730456 -0.022724952032679945 -0.03362939016183977 0.05263079125204689
0.06211608313872028 -0.02272233772083295 -0.03360020275090293 0.052601649772508974
0.06218352700543474 -0.022712600148288038 -0.03363215972646934 0.05265814873473092
0.06214515657179549 -0.02275951506112415 -0.03364817748422606 0.052700025923660083
0.06211747623732441 -0.022721608896152413 -0.03358840010533312 0.05260375468435928
0.06223765037413414 -0.022741912842928768 -0.033667576317569725 0.052693026258385
0.06211101828749173 -0.022698983622013322 -0.03359602295536596 0.05260476766977336
0.06214457764045089 -0.02271780923444385 -0.03360346221388971 0.05260862560684616
0.0621409085012554 -0.022712552582582504 -0.03360113872174536 0.05258368182390902
0.062246400360529766 -0.02279426953496456 -0.033699777325757165 0.05278112418873071
0.06213564188894938 -0.022726094647021276 -0.03360683307815243 0.052622104707253294
0.06208749474464329 -0.022705334516286556 -0.0335589592361576 0.052612781445270505
0.062118964311753434 -0.022726568038996822 -0.03359253800585584 0.05266163243144509
0.06215308968996326 -0.022735262482467267 -0.03362684376642379 0.052685274731743593
0.06206704195144497 -0.022672235732161528 -0.033524441384448794 0.052506509459040396
0.06214209791128596 -0.02269837116369569 -0.03361382067452131 0.05258973917750403
0.06215890304895345 -0.022713366353635796 -0.03362126113630583 0.052621198863712575
0.06210092442688448 -0.022703390918554826 -0.03362015114901835 0.05256166478268319
0.06214878638243062 -0.022744942603827166 -0.03364639292447424 0.052668653106273854
0.06216554716653585 -0.02274476171573772 -0.033642321244882895 0.05267653554441882
0.0621377790929216 -0.022718796833100102 -0.03361415775988287 0.052630790089323434
0.0621904287188872 -0.0227476459275264 -0.0336415859011773 0.05268400292634084
0.06211530948284828 -0.02268739861599248 -0.03356476290196402 0.05258739525502008
0.06206375471405344 -0.022699513966224966 -0.03355801103225923 0.05255017015692581
0.061827873123209774 -0.022661660796037757 -0.03348949043596386 0.05242078890072949
0.06208385159198926 -0.022728972913541385 -0.03360959851619119 0.05261071463724842
0.06205556741991186 -0.022731953915747904 -0.03359175406968505 0.052631927323134334
0.06209205723851649 -0.022717415762226124 -0.033605732063201874 0.05258909293430891
0.06203423925441423 -0.02269860647814452 -0.03358425051365584 0.05256668323803794
0.062066582519761083 -0.022709125901318798 -0.033583513954062234 0.05256058225009057
0.06205172896916713 -0.02269881501748224 -0.03357125091230539 0.052568661026599364
0.06212783037045094 -0.02270850763263848 -0.033618488763458354 0.05258322231174224
0.062085970555448525 -0.022684584551192745 -0.03360105084498117 0.05258641582717672
0.06194167773558906 -0.022661611177087423 -0.033509969299696477 0.052449480526978856
0.06207739510198651 -0.022676312333893053 -0.03354861752148859 0.05252509102241638
0.06203249834496981 -0.022694651253639894 -0.033538291315962886 0.052508766037007194
0.062017613029621256 -0.022644433463030165 -0.03346785411075778 0.05244329995267336
0.06192195887018829 -0.022636728921197488 -0.03346057417443758 0.05240988349913093
0.06194173341060888 -0.022664650843165976 -0.033483135775054435 0.052479386056694666
0.062039646206688524 -0.0226569916671745 -0.033501064292811 0.05247873445545318
0.06190586303170528 -0.022642012765520136 -0.033476432203504096 0.05242809794018718
0.06207961564543621 -0.022719349838378547 -0.03359331540060357 0.05261633251379758
0.06199799996483274 -0.022669666635914455 -0.03351565383269725 0.05250772629743751
0.0620658636890643 -0.022691922294731767 -0.03356405662908877 0.05252792794247985
0.062000885871037914 -0.022669640369569314 -0.03353675250135383 0.05249018841840023
0.062074998880118276 -0.022703273331378594 -0.03354755641206672 0.05252643980941765
0.06211319836040773 -0.02271706248822504 -0.033604856621360715 0.052606093404128716
0.06197547568023155 -0.022682388799232064 -0.0335334732410421 0.05248592244025949
0.06203172761110029 -0.022658330225507547 -0.03350929687380318 0.05246176026713001
0.0618554895746021 -0.022617371628719504 -0.03348787877023158 0.052378646297877904
0.06188653010677075 -0.022661593166300523 -0.03350888907886594 0.05251431462486208
0.062017031123883765 -0.022664247532314375 -0.03351219270466537 0.052448997618964426
0.062044690896071675 -0.022696639016313684 -0.0335707382721442 0.05254567197668201
0.06192903258282387 -0.022646880873850805 -0.033502778741960886 0.052418399356912594
0.0620028594166838 -0.02268595710750637 -0.033531625259531 0.05253965787113277
0.06203704989639018 -0.02264761157523816 -0.033498773495860244 0.052446029788919914
0.06186958386466086 -0.022666625391924402 -0.033505547405335324 0.05242246086392294
0.062036619641994355 -0.022683788002252563 -0.03352655593344058 0.05251810076329359
0.06182002301757978 -0.022637567465569424 -0.033460717367973944 0.05243726247358057
0.06184885566327451 -0.02265231350126026 -0.03347416542414347 0.05245545313259727
0.0618233722885178 -0.022617784979931273 -0.0333902257916554 0.052275786842970094
0.06173218663336054 -0.022612172659853852 -0.03343196702812854 0.05235142325118066
0.06189090015139472 -0.022652981464618027 -0.0334909472287543 0.05242053850238862
0.0619287728023151 -0.02261155453713496 -0.033450304647535845 0.05236492959005782
0.06184716728682711 -0.022637099336365426 -0.03349242156388479 0.05244465598563852
0.06202013797418294 -0.022690918598412803 -0.03356069578526804 0.052529244640832716
0.06196435946242922 -0.022674929922553922 -0.03352603416517731 0.05248313244192698
0.06187451605906423 -0.022666846579708074 -0.033519566030504946 0.05241563736621942
0.06192661914237642 -0.022684013798196293 -0.03353557365216412 0.05244271237964873
0.061944515044878835 -0.022672179946648798 -0.03348752454194377 0.052474444459779876
0.062040019668139004 -0.02268748783903449 -0.03354640788916037 0.052530037395684695
0.06200145477047917 -0.022669677757169056 -0.033547385585363194 0.052494533528847726
0.06200638571701174 -0.022679277227559025 -0.03355117546255651 0.052499838130515564
0.06192967381898004 -0.022644857745938628 -0.03352712534796208 0.05246066146721233
0.0619236709389088 -0.02266604861843663 -0.03349664405941834 0.05246384196607897
0.061885423485705464 -0.022652121475777567 -0.033466553626256015 0.052445420972597176
0.06197233015505212 -0.022663394227577204 -0.03351577052509543 0.05249480568633165
0.06193726857154005 -0.022656439497519856 -0.033495822153732174 0.05245782774775979
0.06203665232063868 -0.022695989845007897 -0.03357456375792841 0.052544473992436516
0.06177931145578606 -0.02264929621567633 -0.03346243553348208 0.052356772846986935
0.06193161526985309 -0.022647242120105913 -0.03350713547997298 0.05247389427285088
0.0617470747244497 -0.022619124172493767 -0.033436292006802065 0.05235502935748083
0.06184563697873858 -0.022625102905178867 -0.03347767297136919 0.05242945491322072
0.06178000812182136 -0.02265322041143647 -0.03347950792508339 0.05234727942107863
0.06184687527444887 -0.022598828247758825 -0.03342165733571906 0.05229354859688872
0.06179097474515291 -0.022610600569585904 -0.03343425251492676 0.052325080971697614
0.062021854535587104 -0.02269926582218681 -0.03356240599110302 0.05254794804175569
0.061941934334349434 -0.022647814296893058 -0.03347629351152445 0.05244330578643948
0.06201966748003644 -0.022687286234001125 -0.03356694766786721 0.05250348435631169
0.061905801759243796 -0.022625676667650422 -0.03344272228502079 0.05240567965256299
0.06189237433321927 -0.022598787629536113 -0.033434156612571216 0.052355869703252844
0.06180826675219216 -0.022612619622480703 -0.033439587329141936 0.05235934942890033
0.0621339438600571 -0.022724282908604117 -0.03361713988992709 0.052627345905374726
0.06179059494596941 -0.022632294566420814 -0.03345564878400252 0.052378808563415
0.06174591325704154 -0.022609102654403024 -0.03342508748550253 0.052357684819773334
0.0618434710912694 -0.022639821748465218 -0.0334453525746504 0.052440625217283016
0.06201648300948202 -0.02266752392582677 -0.03355173616243037 0.0525204755456526
0.06192219975379939 -0.02264765441863881 -0.0335152299868976 0.05246051614540285
0.06190267168400854 -0.022614309820955844 -0.033443106296524694 0.052368733527788924
0.06199584994373193 -0.022696791042513483 -0.033554856415637845 0.05251462085373213
0.0621339438600571 -0.022724282908604117 -0.03361713988992709 0.052627345905374726
0.06181924676932653 -0.02262930633857119 -0.033442232990035854 0.05237115236692498
0.06204763095903344 -0.022689303965194533 -0.03357190188629049 0.0525414977047672
0.06199813907595759 -0.022664517302630298 -0.03354230144831222 0.05251820294224591
0.06206206959106337 -0.02270695442117534 -0.03358048078006497 0.05255691628398493
0.06213324289521947 -0.022723069566078447 -0.033615295284001555 0.05262437958255288
0.06185297929450986 -0.022602190609725507 -0.033450207308260316 0.05235676029092792
0.062117935572705105 -0.022722412056220186 -0.03361207800112477 0.05261425228377255
0.06186589549073933 -0.022605817859059796 -0.033442084848992734 0.052347289942016595
0.06191776382304152 -0.022658307863383315 -0.033480749989746324 0.052444563124668754
0.06198560861484355 -0.022680373379363593 -0.03354597400664155 0.05251339163211796
0.06199332501815577 -0.022694367568156133 -0.033564351034346844 0.05248010507103605
0.06201488725989001 -0.022669551697421627 -0.033544348325556535 0.052504068816509056
0.06195865828230937 -0.02265085373340262 -0.03352549595042779 0.05242040352842429
0.06192231217654681 -0.022652774701470913 -0.03351521150267029 0.05244479663762088
0.061802438868089275 -0.022630036536095337 -0.033457867231849826 0.052414518596830884
0.06198684991512955 -0.02267951392088933 -0.03354134810815065 0.05252352585648609
0.061963626083558654 -0.022674963253682106 -0.03353659800522863 0.05246827705750435
0.061917905901942995 -0.022659262569070426 -0.033506351975886126 0.05244051882554737
0.06189550514137281 -0.022661580409709718 -0.03350470349255726 0.05243996168360766
0.061889362861929746 -0.0226114145122243 -0.03345455276143887 0.05237713962867572
0.06181372934295112 -0.022613505787128518 -0.03346596430488739 0.05232537939775046
0.06196767846931506 -0.02267548843737846 -0.03354912096393079 0.05248963111174111
0.062057604274770445 -0.022706381077681238 -0.03358216930317055 0.05254838514326399
0.0620870697515432 -0.02270923109900072 -0.03359123213341627 0.052577711727543844
0.06201179140674173 -0.022684473943842827 -0.033559878553870964 0.05252429933088216
0.062079448542866136 -0.022701318153077663 -0.03358493201519403 0.052573295682269386
0.06196261570845053 -0.02268097329957949 -0.03354089290482912 0.05246582265923693
0.062043010529614175 -0.02268628317796568 -0.033563102812112174 0.052514627395527626
0.06206788493379958 -0.022685236416689923 -0.033569811913782895 0.05251945407322536
0.06207243431541919 -0.02270630095095635 -0.03358074664703251 0.05254227606399277
0.061961859886405846 -0.02267392510246508 -0.033542077808159515 0.05251072150429951
0.0621339438600571 -0.022724282908604117 -0.03361713988992709 0.052627345905374726
0.06213298504068064 -0.02272262323002761 -0.03361461673354549 0.052623288401138064
0.06192559604820113 -0.022664510415674795 -0.033492906403107155 0.05244966811356876
0.061875431206923376 -0.02261423681429211 -0.03346634576081165 0.052373093378190565
0.06188484601829931 -0.02266439858430713 -0.03349504530941783 0.05245356898357055
0.0618253857231084 -0.022598933106845607 -0.03343173873921742 0.05236282028207608
0.06201084293920173 -0.022657329643320685 -0.03352114937131038 0.05246237566327379
0.061922060824643285 -0.022668034631762948 -0.03348933953754138 0.05247320635545921
0.06195696832156147 -0.0226308829557844 -0.03350317441812097 0.05242495201957129
0.06200363212449233 -0.02266160670429872 -0.03353493584740948 0.05248346298807947
0.06187780302832724 -0.022646084060139213 -0.03348354775711455 0.052408580126052824
0.06196628702376124 -0.022669389168252844 -0.03348410344435395 0.05246289993570047
0.06201755680357272 -0.02269128175425143 -0.03355999032336989 0.05253869259173902
0.06209214479959198 -0.022709373656325728 -0.03359282123303086 0.05256086956142153
0.06207734703071607 -0.022701992083461884 -0.03358094272088619 0.0525607085585187
0.062065253533305886 -0.02268962986909171 -0.033573638982723655 0.05254592364649857
0.061965970017977094 -0.0226744210144487 -0.033527886398883565 0.05247293784737539
0.061938370807941984 -0.02263985086834431 -0.03347677795036888 0.052425593907118664
0.06201405394522547 -0.02268683036551364 -0.03355286863489581 0.05250308535906068
0.06199283111440087 -0.022641828613530146 -0.03350846488380205 0.05244415729826887
0.06203202156477043 -0.022702873157069942 -0.03358151113985856 0.052530772444167116
0.06202111248512095 -0.022686608521767633 -0.03357047538267967 0.05253126429777992
0.06204388634787233 -0.022701890379963573 -0.03358329643810765 0.05255760738761981
0.06184275207333481 -0.022627571124854994 -0.03345149195965805 0.05238973806654881
0.06199749779972971 -0.022682393106141063 -0.03355467476130593 0.0525398426895489
0.06192716629965845 -0.02264482417861591 -0.03349647822238763 0.052468250882104425
0.06195986974220988 -0.02265723828801607 -0.033511794458212486 0.05246839858627444
0.062071835718487 -0.022681486630933567 -0.03355288765652258 0.05256721296522255
0.06202887781628444 -0.02263115904302839 -0.033504403966114975 0.05245671734249233
0.06205849254553893 -0.022701301535958816 -0.03358307039168489 0.0525620090033442
0.061924694557184 -0.02265935997956705 -0.03350351164199321 0.052457705480678254
0.06211589268380869 -0.022716573325695356 -0.03360025675968096 0.05260258607352489
0.06211804443673066 -0.022717492330491657 -0.033602269278108526 0.05260553751778521
0.0620494531587676 -0.02270518135919328 -0.03358466760911003 0.052569974177905106
0.062026787605251495 -0.02267457062567677 -0.03356029695496171 0.052519762282179444
0.06211589268377148 -0.022716573325679466 -0.03360025675964616 0.05260258607347385
0.06206444636682018 -0.022708379584507003 -0.033584682382002316 0.05259279116869635
0.062104907288421975 -0.02271104513428358 -0.033593552018470585 0.05258608676673572
0.062095033315818074 -0.02270556762950833 -0.03359906119015149 0.05258205878008416
0.062004774880210535 -0.022686352385661312 -0.033556827668608846 0.05252203691071579
0.062068313114280675 -0.02269503747157573 -0.033572588207821316 0.05253775456456789
0.06205036477189318 -0.02269835337467174 -0.033586873377936144 0.05255820275100758
0.06204857781049576 -0.02267587754460805 -0.03355020977547564 0.05250749532081175
0.06212897973596174 -0.022720446882890502 -0.03361221075254895 0.05261714170602142
0.06198397350480639 -0.02266847319423916 -0.03353953304207387 0.0524921846506016
0.062131393842404396 -0.02271297068119154 -0.0336015295193618 0.05259520831219359
0.062099122021328654 -0.022671656677191992 -0.03355864838630172 0.05252650489406804
0.061961573637264344 -0.022677087964836858 -0.033530340995830424 0.05249941571532938
0.062113550051811794 -0.02269949592305621 -0.033580611486791395 0.052583446725964655
0.06195860633115568 -0.022687438996665817 -0.03353335947473535 0.05251601166189725
0.061982021920836884 -0.022672593755856247 -0.033506277136682784 0.05248139881359307
0.06201664163694886 -0.02269143121668927 -0.033534851273323375 0.052507906251505004
0.06206344904950413 -0.022702783605925234 -0.03354489758403293 0.052554510340026554
0.062069992708162214 -0.022696545667456804 -0.033568567781913784 0.05255461720301728
0.06197710746728934 -0.02267595710201699 -0.03353296191798123 0.052494497076690114
0.062061419323557125 -0.02270742344298298 -0.033573787061533814 0.05256984682267799
0.06201890941918678 -0.02269956227677452 -0.03354917766565779 0.052501299912029384
0.06210453850482542 -0.0227037332903583 -0.03359015539780264 0.052570871354591146
0.062132239161377195 -0.022708972158573433 -0.03360437424629122 0.05259258616321445
0.06206685610029075 -0.022705526171349508 -0.03358046194343429 0.05257768673520213
0.06208829397208936 -0.022704422169764912 -0.03358604328404733 0.05256017853448639
0.06206495767079627 -0.02270503412514918 -0.03356301698241251 0.052537161024538266
0.06204786168087798 -0.022705293366652158 -0.03359211052309356 0.05257950038630638
0.06205044722444561 -0.022693774511284563 -0.033572087915872975 0.052532100670323024
0.061970584250164495 -0.02268783474957982 -0.033529687137724785 0.052500718029540275
0.06205572386707857 -0.022699761575455914 -0.0335654102405874 0.05254416895644408
0.06205520137851252 -0.022698281198352738 -0.03357847147119446 0.052562369178079514
0.06202696875967361 -0.02268024527333913 -0.03356712857728627 0.05253803632856765
0.06211804443673066 -0.022717492330491657 -0.033602269278108526 0.05260553751778521
0.06212218306745819 -0.022712752496539864 -0.03359924776223057 0.05259960149630728
0.0620740841741466 -0.022692808392903604 -0.03356287238172925 0.05256013291987467
0.06210001048817346 -0.022702749683823725 -0.03359335601102619 0.05256270142129928
0.06204999966943735 -0.02269384056321516 -0.0335484161981008 0.05253374110802017
0.06207639892970779 -0.02270834658253818 -0.03358073877181102 0.05257633115780112
0.062090472750378725 -0.02271738099508362 -0.03359872881608656 0.052599862933929487
0.06207717741291832 -0.022703962353034967 -0.0335783539534375 0.052569442682984815
0.06210808333225392 -0.022712892762231887 -0.03359397675970997 0.05260312790758821
0.06196721643880775 -0.02266577727019243 -0.033549902902361574 0.05249287089422612
0.06208348050101015 -0.022715793227889716 -0.03358632453339374 0.052582202468481
0.06211233345872405 -0.022711987820667506 -0.03360066233199431 0.0525922752122404
0.06208622168822532 -0.022705775503827293 -0.033562915922262446 0.052547763585361736
0.062102738250649714 -0.022710711735565204 -0.03359037816444037 0.05258327406625048
0.0621079604858432 -0.022714563147888635 -0.033592739927752524 0.052590195677101464
0.062049256703757494 -0.022692733752383006 -0.03358019650830481 0.05256979562433597
0.0621096631881838 -0.022701945692212035 -0.03357876368042602 0.05258179583756371
0.06211787386322256 -0.022697494842552665 -0.03358381167816272 0.052595881363806544
0.062091979056824675 -0.022699619460207963 -0.03358396281692171 0.05257959766556463
0.06209850134262007 -0.022706047096591617 -0.03360373048344296 0.052586806788878344
0.06210576568445667 -0.022704759865632352 -0.033586461178310496 0.052563250455809465
0.06208726553332589 -0.02269483807334169 -0.03358283658489093 0.052567826840763644
0.06203910021261086 -0.022693247236782694 -0.03357430228473365 0.05254033388664284
0.06209875757442387 -0.02272029160804678 -0.03360121273021065 0.052601607388740514
0.06210039345244277 -0.02270537085370019 -0.03359636704893368 0.05257416917377657
0.062102373500845236 -0.0227177811821841 -0.033606081934873064 0.05261563166787292
0.06204713220926367 -0.022699508058140524 -0.033585506557352054 0.05257979028783299
0.06207999203453944 -0.02270822352223519 -0.03359978851839827 0.052586776768913296
0.062095236506360646 -0.022697970860897865 -0.03358124538098928 0.05256770248348877
0.06210583944178575 -0.022709812864829294 -0.03360039187969655 0.05260976200545949
0.06214561267121655 -0.022728474421700947 -0.03362175365367095 0.05266846507189013
0.062088029217021695 -0.022719738388882284 -0.0335863968457731 0.05261240986815231
0.06210024095279387 -0.02270614317419738 -0.033594114688689114 0.05258985191935041
0.06214304133904294 -0.022715199988822238 -0.03360208150904343 0.052616205774153574
0.06211047658450941 -0.022716857328343883 -0.033604203738484204 0.05259413953385727
0.06206539266300014 -0.022690296432697588 -0.033582657142866755 0.05255268264400635
0.062058150473088367 -0.022684823629813076 -0.0335796667666076 0.052546296566634544
0.06209070515947533 -0.022715812066218036 -0.033582207651514984 0.052596084260102156
0.062097209683339274 -0.02269241295199318 -0.0335872325415741 0.05256431224246607
0.06209611845504058 -0.022715418647288307 -0.033599825365065644 0.0526048281485918
0.062105354296296565 -0.022714052547408038 -0.03360164154560165 0.05260009677808796
0.06202923424348072 -0.022687499334881598 -0.03355778167148021 0.052528967087612975
0.06210299231834366 -0.022706400474686056 -0.03358910298259273 0.052593917613318004
0.06211945963681992 -0.0227129874445869 -0.033599295203484335 0.052595264323373594
0.06206820788968108 -0.022699673601204434 -0.03358038457492798 0.05256158472717034
0.06210218180704805 -0.02272126099627965 -0.03361084617811886 0.05261004364609025
0.06213140363524195 -0.02272834411796294 -0.033610655450422314 0.05263774158811565
0.06211091312141855 -0.022702199823214843 -0.03360702942687241 0.05260481482793185
0.06205731372558538 -0.022698266238824042 -0.033591713062168356 0.052584173229674736
0.0620388574429406 -0.02269208107891522 -0.03357819249523687 0.0525529333369019
0.06211150369452411 -0.022700111199411604 -0.0336013189053707 0.0526001992164924
0.062100181534823516 -0.02272174871493919 -0.03359659759291804 0.052601959544066657
0.062095336802974785 -0.02268973843673015 -0.033585347051027434 0.052567834805363894
0.06212328888669085 -0.022723422259726817 -0.03362088199181259 0.05262303416828063
0.06212091957911505 -0.02271412728309019 -0.03361030671936742 0.052595924291571186
0.06205490937429922 -0.022695874734740672 -0.03357799998426593 0.052578294311791306
0.06199090357134802 -0.022680959515039196 -0.0335449728116453 0.05252194448343777
0.06208144658333993 -0.02270744864483858 -0.033612140315533605 0.05258303941054559
0.06210859205534619 -0.022702823982384226 -0.03360361931621676 0.05261981213173579
0.06207790571625791 -0.022707977034588996 -0.03358383372836965 0.05257240777579968
0.06203840115159364 -0.022699550819029343 -0.03357013898195507 0.05256581034358036
0.062141563986924 -0.022730863419717588 -0.033618734635125554 0.052639051330961424
0.062119578287358944 -0.02270160435749391 -0.03359305851595376 0.05257887420898861
0.06211087899733863 -0.022711621987461354 -0.03359830788905575 0.05258660607725039
0.06212301728182459 -0.02271987466802794 -0.03359130738590059 0.052619503240297814
0.062138158834990846 -0.022720712311176408 -0.033615946568543116 0.05262704469362311
0.062138795255839534 -0.02271107675420598 -0.03361750460274998 0.05261606902256116
0.06213592906999172 -0.022722438673336492 -0.03362203010202485 0.05263321839105159
0.06212360646656403 -0.022721732693684035 -0.03361706743752828 0.05262772465087846
0.06208919445372334 -0.022719521660788465 -0.033606157199409306 0.05260747737442388
0.06210829179399316 -0.022724713393409843 -0.03360947235835443 0.05261952924940283
0.06203139678792465 -0.022694304499345997 -0.03355368483892853 0.05257461917381145
0.062119944126116315 -0.022724968602511487 -0.03361549658354482 0.052623249149736935
0.062135838441933815 -0.022720791646794417 -0.033615221898133124 0.05262004836757583
0.062137759835348014 -0.02272095876658368 -0.03361760949742172 0.05261809150647373
0.06213404248860405 -0.022724448654186255 -0.0336186012240242 0.05262999129775402
0.06212897420735856 -0.022724721224724347 -0.033615718664819626 0.05262479562234172
0.06213247442757637 -0.022711925760426247 -0.03361521668233337 0.05261867135144262
