5.12421 8.92317 5.63375 7.42465
5.50985 9.81138 5.97207 8.14783
5.31367 9.06583 5.63061 7.75
5.28619 9.2283 5.6038 7.52322
5.81232 9.44004 5.86695 7.62695
5.53089 9.44389 5.90934 8.00085
5.73743 9.19066 5.84832 8.19067
5.9372 9.19952 5.81589 9.19089
5.13357 9.00721 5.77129 7.37466
5.01794 9.05977 5.90337 7.91699
5.23986 9.10546 5.77519 8.14149
5.22548 9.19283 5.76325 7.80703
5.39501 9.62547 5.48585 9.24799
5.38844 9.49577 5.9213 8.19783
5.47225 9.42024 5.37633 7.28905
5.65079 9.18699 5.43583 7.18256
5.88896 9.32912 5.31683 7.57971
6.25304 10.1101 5.73904 7.72294
5.71583 9.5082 5.4222 7.09445
5.29528 9.02214 5.55206 7.20167
5.55326 9.23258 5.34048 7.10484
5.50662 9.22401 5.27951 7.1677
5.50744 9.13542 5.65396 7.23605
5.19297 9.35071 5.9353 7.28695
5.14697 9.01564 5.58422 7.28928
5.5899 9.40261 5.68155 7.75011
4.9538 9.10217 5.45804 7.2014
5.46031 9.03102 5.57401 7.78002
5.26499 9.25784 5.61858 7.29881
6.83137 10.7485 6.52955 8.65362
5.50375 8.94131 5.39928 7.35292
5.91077 9.76722 5.74194 8.685
5.44665 9.43117 5.8492 7.52593
5.26144 9.11216 5.72977 7.88806
5.89661 9.57854 5.60379 8.25713
5.90845 9.94993 5.74704 8.001
5.74977 9.90827 5.64094 9.93321
5.14697 9.01564 5.58422 7.28928
5.29434 9.06555 5.77129 7.32898
5.83314 9.58108 5.64222 7.19169
5.59677 9.08715 5.68109 7.61134
5.55623 9.32929 5.62319 8.78215
5.27056 9.42901 5.81499 8.83499
5.81616 9.32787 5.77239 7.74243
5.70107 9.56392 6.03369 9.58557
5.655 9.3344 5.75854 8.02535
6.0955 9.28525 6.13405 8.09041
5.32099 9.13064 5.55616 7.17691
5.27727 9.57958 5.76661 7.0537
5.37943 9.27524 5.81027 7.25
5.14697 9.01564 5.58422 7.28928
5.18115 8.93602 5.67787 7.32909
5.50748 9.99444 5.62839 7.33925
5.14697 9.01564 5.58422 7.28928
5.06454 9.65089 5.52181 7.51548
6.03074 10.1537 5.7798 8.07771
5.09734 8.92584 5.73794 7.35491
5.14697 9.01564 5.58422 7.28928
6.36399 9.89181 5.92989 11.4665
5.88884 9.85398 6.11914 9.27884
5.20358 9.24841 5.49165 7.2653
6.26727 10.6512 6.41123 11.6171
6.14764 9.90659 5.84516 9.2527
6.10045 9.32293 5.55388 9.57369
7.29421 9.88959 6.07197 12.5907
5.44423 9.0905 5.72122 7.29706
6.61386 9.32541 6.34513 10.6114
5.79847 9.15953 6.1954 9.15309
4.9817 9.09415 5.85802 7.48652
6.82221 9.24429 6.46919 10.1144
6.36376 9.84439 5.76647 8.37713
5.19282 9.34343 5.66207 7.42448
5.19214 9.2933 5.86291 7.48581
5.05212 8.86859 6.13283 7.62152
6.34051 9.46108 6.46203 8.88589
5.66384 9.67434 5.90609 8.22465
6.04655 9.93068 6.46845 8.54
6.62737 10.4301 6.74938 8.39496
5.96611 9.57208 6.09461 8.24365
5.06941 9.07551 5.60155 7.55628
5.19207 8.70155 5.82985 7.76142
6.81071 10.3292 5.85164 9.10469
5.16033 8.87077 5.86464 7.32238
6.11977 9.37276 5.5451 10.2927
5.08275 8.95622 5.64552 7.43854
5.14697 9.01564 5.58422 7.28928
5.14697 9.01564 5.58422 7.28928
6.23189 10.1966 5.84368 8.45833
5.28611 10.4333 5.73241 8.27088
5.06068 9.15635 5.78157 7.63234
6.18258 10.1946 6.21254 8.49054
5.57502 9.21175 5.93863 7.64591
5.36352 9.94027 6.11634 8.02006
6.0629 9.56153 5.80934 10.7771
5.2749 9.26447 5.71309 7.59391
5.15262 9.01482 5.70843 7.40448
6.22305 9.50854 5.78427 11.2385
5.14697 9.01564 5.58422 7.28928
7.00465 11.3164 6.31416 9.30737
7.06593 10.5499 6.4158 12.1807
5.26644 9.27472 6.07571 7.68461
6.45803 10.6283 6.08386 9.37142
6.16865 10.315 6.20383 9.33776
5.36169 9.55302 6.2316 7.77353
6.48449 10.1782 6.14673 10.1377
6.74374 10.0894 5.48908 10.2872
5.20439 8.99386 5.54224 7.52542
5.37596 9.6976 6.04655 8.13152
6.22542 9.47465 5.76263 11.1987
5.22597 9.20092 5.76781 7.37544
6.77865 9.30331 5.7949 10.6789
6.63639 9.76142 6.24314 11.9812
6.62132 10.2354 5.75028 8.76217
6.07648 9.48689 6.18303 10.1817
6.41314 9.63087 6.6801 10.2934
5.55377 9.8577 6.15803 8.15226
5.7506 9.82292 6.33372 8.43991
5.82638 10.0623 6.43308 8.42955
5.91957 10.2751 6.27879 8.84697
5.83565 9.7419 6.02496 7.73394
5.65415 9.77892 6.69707 8.34118
5.53613 9.79266 6.01565 7.7215
6.85348 10.4714 6.93889 8.47697
6.36874 10.1603 6.0035 8.07548
6.79145 9.90359 6.31185 8.34603
6.66934 10.11 6.19123 8.42153
6.41493 10.1982 6.14831 8.13083
6.71705 11.3477 6.66437 8.57415
5.07841 9.14086 5.67314 7.46343
6.10146 11.5142 6.277 8.97834
5.73907 9.68376 6.4577 8.94079
5.37551 9.59888 6.81508 8.9396
6.44378 10.5111 5.98503 9.15736
6.50382 10.3954 5.61457 9.1073
6.36468 10.2895 5.57723 8.75629
6.30666 10.5924 5.74951 9.51573
5.76491 9.699 5.69722 8.16351
5.61068 9.59104 6.14182 7.81503
5.75213 9.63506 5.72366 8.33748
5.14697 9.01564 5.58422 7.28928
5.62292 9.60285 5.76207 8.30446
7.02362 10.6826 6.86542 8.49355
5.78622 9.9148 6.09977 7.94156
6.67979 10.5022 6.53908 8.4651
6.14976 9.82407 6.38969 7.62481
5.47811 9.42032 5.47839 8.16298
6.1837 9.45226 5.9252 9.46831
5.84171 9.54192 6.22202 9.98276
6.62013 10.0191 5.98882 9.01074
5.58135 9.35811 6.02205 9.01832
5.35921 9.85978 6.52878 8.97364
6.19534 10.8773 5.82389 9.75181
5.24016 9.17198 5.76547 7.48519
5.76644 10.3111 6.46098 7.93242
6.04877 10.1555 6.47421 7.75899
5.67169 10.0413 6.0452 8.02659
5.45895 9.32611 5.87906 7.82899
5.60038 9.91675 6.64616 8.34873
5.56204 9.45129 6.22883 8.07816
5.54208 9.90774 6.31195 8.88791
5.53421 10.0593 6.59859 8.64727
5.65713 9.59387 6.54763 9.00057
5.78331 10.4599 6.34461 7.89771
6.18661 10.2347 6.38736 8.06037
5.44435 9.50195 5.93255 8.11002
6.0328 10.3763 6.6788 8.07158
6.69148 9.96749 6.60965 9.25614
6.50246 10.5512 5.84443 9.09028
5.83831 8.78956 6.01827 7.92287
6.59833 9.83935 6.18263 8.38094
6.33276 9.8171 6.10308 8.61137
5.63096 9.53452 6.005 7.56553
5.6185 11.4044 6.5365 8.5007
5.7632 9.34529 6.23649 9.15552
5.90945 9.11421 5.77371 8.57072
5.90466 10.2181 5.76136 8.82052
5.47745 9.67104 6.28438 8.87251
5.60691 10.0918 6.5674 9.09054
5.53408 10.8893 6.58575 8.27011
5.75743 11.1569 6.68034 9.26326
5.73008 10.5605 6.47984 7.80436
5.36044 9.35106 6.37306 8.04586
7.40096 13.6386 7.47009 8.99989
5.91642 10.8429 6.28498 8.28442
5.42583 9.60014 6.12021 7.85608
4.76905 9.30546 5.72725 8.18809
6.13457 10.5825 5.90841 9.45882
5.50345 9.5431 6.03471 8.92032
6.57302 10.9099 6.7514 8.2125
5.99569 11.1618 5.99428 7.90361
6.18771 10.7616 5.88135 8.03069
5.54649 9.49015 5.9969 7.51972
5.5595 10.4368 5.92466 7.70935
5.43933 11.0985 6.45181 8.59985
6.23825 9.08785 5.94298 8.33284
5.49168 10.8421 6.39023 8.15129
6.24156 9.24781 6.38303 8.63927
5.5479 10.6604 5.92015 7.58867
5.53397 9.65265 5.70926 8.42537
5.31742 9.35607 6.55617 8.237
5.2721 9.67644 6.64123 8.01025
5.47349 10.7771 5.99102 9.2779
5.18176 10.0293 5.67697 8.76278
6.19804 10.7065 6.59583 9.52853
5.56452 10.6042 6.27839 9.27718
6.20839 10.2992 6.61346 8.87921
6.46871 10.1073 6.87677 8.62044
6.29462 9.88804 6.80319 8.74126
6.46816 11.3981 6.48972 7.77861
6.39329 11.1079 6.06122 7.82991
6.19897 9.33674 6.75596 8.49256
5.33489 10.5802 5.76993 9.30461
5.46666 9.23616 5.97928 7.94013
5.02018 9.09516 5.6713 7.52463
6.2179 11.095 6.32402 7.75299
5.69127 9.58248 6.43022 8.81118
5.45385 9.55094 6.53483 7.80732
5.33215 9.41919 6.05091 8.48217
5.76603 10.5626 6.6363 8.885
5.27744 9.54913 6.05938 7.79608
5.63939 11.4331 6.45554 8.1499
6.0417 10.9258 6.24472 8.2405
5.82131 10.8903 6.43606 8.23015
5.76118 10.8452 6.26975 9.7904
5.48037 9.85412 6.61239 8.16115
5.37983 10.1057 6.68833 8.3487
4.93589 9.8867 5.56659 8.72921
6.75992 10.4516 7.03543 9.53533
6.01921 10.0761 6.92199 8.98016
5.65665 9.24339 6.81768 8.05971
5.62297 10.3552 5.91733 9.46262
6.43726 9.98679 6.71472 8.94599
6.12231 10.2165 6.35636 9.33133
6.44282 11.9788 6.76617 8.42633
5.1034 9.11314 6.48938 7.38667
5.3751 10.0712 5.77407 9.01501
5.95667 9.90733 6.17246 8.07916
5.31544 10.0231 5.86166 8.44955
5.90848 10.6788 6.22459 9.07773
5.2882 9.68467 6.12841 8.08279
5.9729 10.1958 6.53344 8.81167
5.63943 9.66423 6.11249 7.96638
6.2046 10.1273 6.43005 9.39474
5.94995 10.8314 6.93413 9.74102
6.67162 10.2323 6.36833 8.36752
5.8348 10.5355 6.51733 8.52767
5.41931 9.72201 6.03945 7.71942
5.61231 10.3328 5.75578 8.74547
5.23368 9.64762 6.1832 8.03643
5.14697 9.01564 5.58422 7.28928
6.67344 10.8396 7.53194 8.65413
5.4275 9.82552 5.72039 7.70053
6.05783 9.46999 6.17615 7.83443
6.15675 10.4297 6.27468 8.1551
5.97722 10.2881 5.98502 7.79323
5.78118 10.8342 6.37402 9.86006
5.69464 9.38051 6.0794 7.68027
5.65459 9.83769 5.52648 8.42457
5.12722 9.2672 5.51397 7.70416
5.31737 9.28881 5.98744 8.29171
5.79084 9.76025 7.70037 7.87389
6.01642 10.3791 6.10903 8.15698
5.11195 9.15512 5.65863 7.47118
5.42722 9.58178 6.2977 7.86845
5.69515 9.69142 6.03581 8.33022
5.72626 10.4179 6.92028 8.96397
6.13701 11.3326 6.78917 9.44048
5.54191 9.48106 6.27503 8.05632
5.63102 9.32914 5.81026 7.68324
5.93281 10.2721 6.76643 8.21521
5.47371 10.0549 6.09936 7.65367
5.24615 8.97698 5.66447 7.21943
5.66569 9.34082 6.30876 8.18306
5.47054 9.67696 5.99448 7.6051
5.7657 10.447 6.29583 8.85192
6.01717 9.64583 6.02271 8.5247
5.95203 9.91727 6.27976 8.09147
5.57468 9.9204 5.98795 8.02282
5.87512 9.71639 5.94505 8.57765
5.58157 9.73472 5.78426 8.36303
5.14215 10.0824 6.15324 7.90805
5.91135 10.3209 6.15689 8.90201
5.52362 9.84536 5.59001 8.15583
6.59761 11.0968 7.01468 9.69656
5.78038 9.62819 6.0182 8.17275
5.47487 9.66675 6.24819 8.31166
6.04148 10.6955 6.76976 8.62916
5.67759 9.73699 6.13606 8.75088
6.1354 9.64361 6.24307 7.80475
5.57055 10.0204 6.70677 8.44844
6.61036 10.3679 6.14787 8.60929
5.87203 9.6895 6.23015 8.2243
6.51617 10.2118 6.06047 8.25683
6.69644 10.5447 6.03551 7.85904
5.68636 9.60719 6.6951 7.61822
5.95409 9.99532 6.43392 7.39182
5.85558 10.8415 7.04002 9.24971
5.08594 10.3054 6.65725 8.39221
6.29013 10.1411 6.50053 8.75435
5.57837 9.5397 5.79475 8.1304
5.76879 9.58338 5.65603 8.75901
6.24951 10.1361 6.28518 7.65221
7.18134 10.5296 6.35742 8.22206
5.99401 10.1554 6.47908 8.35232
5.77964 9.97318 5.95124 7.53225
5.47115 9.67767 7.23641 7.51631
5.76161 9.61143 6.09406 8.30004
6.29628 10.7959 6.57648 9.73375
5.59937 10.0734 6.26041 8.64546
6.28699 11.4114 6.9945 9.93657
6.37036 10.7772 6.62993 9.41967
5.80123 10.5943 6.16487 9.00322
6.15337 10.5976 6.41959 9.15845
5.5744 11.1842 6.64922 8.72212
5.57347 10.0092 8.01425 7.79722
5.30932 9.81594 7.9132 7.54276
5.44286 9.65352 6.93985 7.61532
5.35915 10.4585 6.90426 9.3955
5.20624 10.7736 6.78855 9.08397
5.35143 9.91106 6.75336 8.82123
5.7438 10.2561 6.99416 9.11169
5.84315 10.5219 7.0485 9.03698
5.74139 9.79354 6.10698 7.70651
5.59936 9.56913 6.03268 7.72776
5.27042 9.66761 8.08531 7.75529
5.86356 9.53998 5.95573 7.83777
5.45463 9.84014 8.25943 7.86986
5.14697 9.01564 5.58422 7.28928
6.35142 11.4336 7.36976 9.86083
5.45819 10.3898 7.55367 9.76073
5.70951 10.2633 6.50505 9.04447
5.17271 10.288 6.61531 8.63675
5.30031 10.0676 7.85782 7.77167
5.71922 11.2877 7.58214 9.89178
5.62652 9.80581 6.20783 8.26069
5.88614 9.79423 7.45547 8.09177
5.34374 10.1763 6.38334 8.57367
6.06529 9.85039 5.94206 7.94773
5.14697 9.01564 5.58422 7.28928
5.64609 9.56111 6.26853 7.83819
6.22932 10.2519 7.40332 8.37515
5.69034 10.0851 6.31241 8.4961
4.95779 10.2153 6.23707 8.43382
5.29983 10.3599 6.02944 8.30842
5.76188 9.1506 5.79286 7.80569
5.71064 9.3539 6.00847 7.90093
5.39467 9.24653 5.89657 7.36411
6.13637 11.6699 6.99 9.58346
5.10403 9.77572 6.31437 8.15232
5.30582 9.96059 5.88806 7.92834
5.37431 9.07067 5.6412 7.69307
5.57985 10.6816 6.55056 8.87184
5.62517 11.1314 6.09622 9.01609
5.20628 10.1049 6.28358 8.39595
5.86304 11.1953 6.93574 9.39356
6.17193 11.6776 7.33948 9.24508
5.65527 10.863 6.26094 9.49895
5.34809 10.0207 6.34352 8.40447
5.98675 10.705 6.20718 8.31717
5.92568 11.0387 6.72735 8.64967
6.9871 9.97659 6.45965 8.11571
6.09983 10.7869 6.28362 8.46595
5.7518 11.1272 6.83365 9.15622
6.76132 10.617 6.81742 8.24355
6.0979 10.2756 6.16954 7.77565
5.86894 11.8308 7.32703 8.95506
6.27885 9.92809 6.19338 8.04622
5.73967 10.6268 6.11368 8.26055
6.0666 10.7913 6.12686 8.68193
6.4779 11.3692 7.38856 10.0683
6.02735 11.9202 7.007 10.1575
6.56184 12.1809 7.83769 9.51018
5.91656 10.9439 6.66933 8.70732
6.43226 9.82442 6.19838 8.11804
5.19111 9.28403 5.95683 7.51826
5.19424 9.27386 5.79638 7.31559
5.125 9.37564 5.96226 7.24688
5.49514 11.2287 7.35066 8.69883
5.58295 10.1613 6.26136 8.16685
6.12804 10.2903 6.24596 8.365
5.12203 9.42584 5.43532 7.51329
5.19423 9.73419 5.69396 7.76052
5.46289 9.32104 5.43867 7.41773
5.9361 10.0032 5.81834 8.18416
6.17152 9.97872 6.87969 8.89259
5.03282 8.85311 5.62876 7.22494
5.14697 9.01564 5.58422 7.28928
5.31465 9.78776 6.04186 8.05097
5.14697 9.01564 5.58422 7.28928
5.84029 9.93154 6.15511 7.85136
5.77927 11.2961 6.73845 8.89774
5.65234 10.311 6.06886 8.57425
6.09849 10.8124 6.45787 9.09539
5.81155 10.6712 6.13861 8.83779
5.93662 10.5794 6.25313 8.41274
5.97174 10.9191 6.73894 8.26836
5.88134 10.7616 6.36924 8.22878
5.61447 10.215 6.31542 8.83523
5.64215 10.6822 6.20058 8.80408
4.91469 11.0638 6.70996 8.60025
5.32751 11.7634 6.95284 9.43185
5.10964 10.4407 6.63604 8.33693
5.17319 9.90413 6.50409 8.56223
4.99328 9.5675 5.97362 7.67219
5.14377 9.60225 6.04748 7.58198
5.69537 9.32177 5.83873 7.72598
7.51013 10.6118 6.62173 8.51803
5.00121 10.6257 6.21013 8.12847
5.51224 9.89402 6.40815 8.94095
5.63733 11.1719 7.58881 9.57019
5.20543 11.0935 6.84421 8.79332
6.74878 9.96548 6.21245 8.2567
7.84817 10.4964 6.71959 8.78531
5.49494 10.8462 6.56073 9.33663
5.84883 9.50189 5.32098 7.62663
6.57254 10.0332 5.91268 8.26842
5.63311 10.7685 6.9534 9.58573
5.02458 11.1763 7.05854 8.74498
6.04824 11.0056 6.4843 8.38981
7.11029 11.1082 7.18572 9.23174
4.90249 10.9366 7.06285 8.26671
6.19291 11.6483 7.47448 9.49517
5.58465 11.3281 6.36521 8.84296
5.63139 10.3538 5.91215 7.99203
5.88554 10.6856 6.41309 8.86727
5.37114 10.8797 7.0562 8.97924
5.21519 10.9802 7.02349 8.56867
6.0479 9.56027 5.74086 7.54138
6.03938 10.7066 6.33259 8.71175
5.38174 10.3376 6.04335 8.62325
5.95956 10.1191 5.92795 8.41718
5.76284 10.3612 5.83276 8.14988
6.04966 9.79157 5.928 7.94396
5.14113 11.8067 7.59567 9.43107
5.64019 11.0327 6.73966 8.58358
5.06924 10.521 6.95082 8.80474
6.13399 11.1726 6.92174 8.70546
5.31515 10.7957 6.94004 8.30331
5.03718 11.3467 7.15931 8.66734
5.62514 10.9358 6.82979 8.90907
5.10796 10.5737 6.50401 8.89768
5.27702 10.3891 6.60764 8.49159
5.09663 10.6477 6.64405 8.92715
6.50799 9.80728 6.20398 7.97725
5.7314 9.76265 5.8262 8.2787
5.84549 10.6796 6.28843 8.94285
5.69835 10.2306 5.91938 8.09852
5.67721 10.4737 6.3672 8.69519
7.5732 10.5594 6.53649 7.89987
7.53471 10.0636 6.25564 8.42187
5.70918 10.1167 6.34536 8.60286
5.37711 11.235 6.99403 9.15069
5.28122 9.30655 5.61952 7.34096
5.65681 9.68151 5.8111 7.59246
5.77056 9.50498 5.47935 7.82438
6.54327 9.74479 5.67802 8.15733
5.1771 10.4405 6.81201 8.32116
5.59245 10.5681 7.23017 9.64244
5.2267 9.68705 5.84545 7.7694
5.32187 10.0534 6.33042 8.07142
5.11388 9.13655 5.5997 7.37391
5.01788 10.1857 6.13027 8.53603
5.36821 10.4983 7.03157 8.52823
5.5888 10.2754 6.47249 8.26358
5.52681 9.80234 6.44721 8.36728
5.1665 9.5045 6.25735 7.83869
5.82125 9.99269 5.87775 8.34816
5.67581 9.78846 6.11827 7.92349
5.73862 9.55549 5.88469 7.89672
5.56562 9.395 5.75222 7.97063
5.66221 9.30521 5.82449 7.99775
5.68296 9.44965 5.77761 7.9925
5.42204 10.812 7.17321 8.94653
5.14366 10.9883 6.95517 8.5631
6.69246 9.94213 6.28807 8.17006
4.93116 11.606 7.43164 8.8376
5.42252 10.425 6.39089 8.36244
7.2438 10.3704 6.47529 8.77304
6.4911 9.77856 6.51509 8.31803
7.0588 10.0467 6.69733 8.21602
5.82792 9.36476 5.83612 7.90396
5.25211 9.99515 6.53722 8.27337
5.43335 9.09286 6.03952 7.65283
5.86424 9.1467 5.59655 7.83105
5.14697 9.01564 5.58422 7.28928
5.48145 9.33912 6.08867 7.72993
5.71617 9.35697 5.71347 7.88462
5.87357 9.04942 5.7608 7.90634
5.47985 9.26283 6.08789 7.41034
5.47802 10.2218 7.38656 8.93992
6.86073 10.1388 6.47547 7.87536
5.24624 9.60651 6.41492 7.8155
5.14697 9.01564 5.58422 7.28928
5.65551 9.63315 6.10352 7.895
5.23695 10.2539 6.22764 8.13256
5.00786 11.0785 7.17264 8.69812
5.1329 10.636 6.78332 8.51771
5.45889 10.4094 6.74005 8.52957
5.40282 10.0418 6.08941 8.03218
4.91575 10.6214 6.50881 8.41763
5.22238 10.1735 6.73926 8.03875
5.82626 9.49684 5.79966 7.55487
7.87466 10.5251 6.9587 9.27813
5.5919 10.7418 7.23793 8.48789
5.69909 9.57996 5.65096 7.41492
5.42644 10.3025 6.38718 8.14537
5.38676 10.2693 6.83715 8.33328
6.11706 9.12177 5.63575 8.07916
6.62334 9.30285 6.02519 8.63743
6.99293 10.3089 6.52495 8.03693
5.96752 9.13902 5.66716 8.14477
5.91793 9.43784 5.84643 8.37166
5.08708 10.0116 6.75347 7.71124
6.91077 10.1544 6.50612 8.06313
7.58255 10.5686 6.96236 8.6701
6.94843 10.0006 6.75739 8.40751
5.53191 9.16558 6.00087 7.28812
5.13676 10.0059 6.34235 8.0966
5.0572 9.9826 6.27711 7.55845
5.87672 9.50266 5.58873 7.28087
5.54004 9.53416 5.78179 7.78468
5.22031 9.22254 5.59644 7.47661
5.45283 10.523 6.6975 8.04861
5.14697 9.01564 5.58422 7.28928
5.919 9.74791 6.27827 7.76792
5.16639 10.3924 6.79324 7.55949
5.21115 9.25285 5.68772 7.27878
5.01874 9.63894 6.45396 7.58094
5.14697 9.01564 5.58422 7.28928
5.16121 9.56469 5.88513 7.56437
5.51735 9.24598 5.81977 7.60129
5.20992 10.7813 6.86976 8.54273
5.86968 9.88898 6.26331 7.74148
5.19992 9.62103 6.07487 7.325
4.7333 12.4775 7.51678 8.89978
5.78533 9.88141 5.68733 7.3752
5.77617 9.39567 5.69843 7.50183
6.51319 10.0399 6.50236 7.95968
5.25389 10.6471 6.67355 8.02319
6.53364 10.1542 6.43278 7.67216
5.64354 9.46375 5.86923 7.82843
5.135 9.74106 6.52372 7.55297
5.01833 9.7739 5.96974 7.44654
5.31232 9.56747 6.34143 7.66471
5.13227 9.85574 6.93511 7.93034
5.33847 9.71818 7.176 8.13029
5.38238 10.7413 6.93142 8.47557
6.21284 10.1875 6.30103 7.75002
6.24184 10.1942 6.10206 7.75445
7.17646 10.5264 6.88484 8.30393
5.14697 9.01564 5.58422 7.28928
6.23363 9.46392 6.29123 8.00026
5.90637 9.62991 6.29204 7.91516
5.91532 9.36743 6.11375 7.63399
5.1904 11.6106 6.98377 7.86565
5.49933 9.70644 7.17218 8.24822
5.46554 9.51346 6.48486 7.79801
5.14697 9.01564 5.58422 7.28928
5.78433 9.67521 5.67757 7.59093
5.09055 9.94201 5.91918 7.17641
5.33699 10.6308 7.13511 7.98713
5.21802 10.068 6.53657 7.8349
5.80358 10.1898 6.50844 7.74197
5.3018 9.67049 7.16975 8.0795
5.08132 10.756 6.17022 7.36894
5.8327 9.41725 5.95806 8.23333
6.60054 9.72037 5.87302 8.89961
5.21375 10.4272 6.68439 7.94592
6.26444 9.30562 6.1023 8.44076
7.71011 12.3496 7.03411 8.80699
7.17537 11.4606 7.49231 8.91291
4.98992 9.49766 6.0038 7.72875
7.16087 10.7252 7.10754 9.94972
5.61699 10.2499 7.60067 8.27945
5.44639 9.16088 6.17885 7.66623
5.29193 10.1 6.83503 7.97735
5.0492 9.40855 5.97495 7.56329
5.5349 9.82564 6.27593 7.65225
5.51795 9.36901 6.43577 7.89845
6.80671 10.8197 6.52164 7.75149
6.36414 10.4134 7.29444 9.1385
6.43514 9.88783 6.31057 8.22372
5.32142 12.0419 6.68284 7.83148
5.3901 9.80311 5.82652 7.48177
5.35794 11.6038 6.69624 8.68635
5.43433 9.53499 6.11941 7.85179
5.76479 10.0365 5.36115 7.57746
5.19994 9.81044 6.12438 7.32295
5.38717 10.2391 5.91036 7.72808
5.46151 9.7751 6.34092 7.77796
5.7039 10.9021 7.11176 8.27281
4.89991 11.5482 6.72892 7.81303
6.26594 9.91434 6.61813 9.00548
6.5083 9.93661 6.20567 9.43416
7.3305 10.8088 7.60696 10.5689
6.80707 11.6468 7.44439 9.43817
7.11112 11.6505 6.76557 9.43459
6.48724 10.7709 7.15851 9.06521
6.68339 10.5842 6.59154 8.95932
5.76956 9.78664 5.77554 7.76593
6.55237 9.95761 6.16505 8.72597
6.12968 10.0476 5.9372 7.89728
5.44537 11.624 6.36195 7.77089
5.70652 10.1771 5.94297 8.48814
5.46089 9.31395 5.74653 7.30729
5.67498 10.7363 5.96563 7.75454
6.45544 10.6011 7.03456 9.53419
6.0214 13.2338 7.60599 9.31414
5.2664 11.7167 6.15109 7.79853
6.41224 10.7943 6.90925 8.89278
5.50057 10.1701 5.9247 7.58336
5.10197 11.5724 6.43053 7.93077
6.27689 10.5228 6.01907 8.47363
5.7708 10.2271 7.01566 8.45403
5.51625 11.6756 6.09867 7.77119
6.02649 9.76517 5.81717 9.18894
5.6695 11.7063 5.57903 8.01147
5.23443 11.3209 5.47387 7.89744
8.22371 13.5776 8.8699 11.8256
5.5737 12.2618 5.49981 8.4514
5.17338 11.2894 6.07348 7.93343
7.06713 12.3821 8.26236 10.2424
5.60688 12.3636 6.09751 8.05725
5.78656 9.91965 5.91232 7.40263
5.386 10.571 6.35946 7.46856
5.32449 11.222 6.25333 7.8314
5.18607 10.4656 5.96244 7.84437
6.25017 10.7581 6.22298 8.65814
5.82862 9.99846 5.84204 7.65884
4.9314 10.5322 5.84376 7.50568
5.15262 10.5904 5.83824 7.57588
5.01358 11.4304 6.3675 7.64972
5.96668 10.0703 5.56863 8.65043
6.09521 10.2908 5.98655 8.84456
5.73881 10.2865 6.19406 7.80904
5.14116 10.8078 6.26159 7.97153
5.49297 9.71681 5.79215 7.82173
5.63803 12.1112 6.41162 8.52109
4.9346 11.0157 5.85251 7.52812
5.34377 12.5361 6.25898 8.30432
5.49767 12.2529 6.19073 8.00224
5.39393 11.6112 6.82312 8.68582
6.76718 12.4683 6.86798 9.62115
5.01106 13.1041 7.64116 7.88483
5.5906 9.4155 5.65879 7.6231
5.995 10.7386 6.77006 8.77651
5.16559 9.96288 5.78478 7.50574
6.29527 11.1967 6.95484 8.95923
6.51026 12.0188 7.38849 9.62634
5.7139 12.9174 6.87515 8.27473
5.14697 9.01564 5.58422 7.28928
6.58476 11.8975 6.05181 8.86002
6.71263 11.9204 6.92283 8.67688
6.54544 10.7847 6.21465 8.79014
5.25304 10.3317 6.15972 7.43533
5.18049 11.1306 5.71336 7.86476
6.69804 11.8696 7.46743 9.80822
5.70438 10.0911 5.79582 8.01928
5.14697 9.01564 5.58422 7.28928
5.45034 12.309 6.31517 8.61055
5.79651 9.58616 5.97245 7.89413
5.33938 10.4282 5.92842 7.91415
5.25424 9.76169 6.0566 7.46367
5.21592 9.06571 5.47748 7.38061
6.57443 11.9321 6.71136 9.09815
4.8655 9.31427 5.77318 7.33356
6.79206 11.9271 7.04507 9.2198
6.47575 10.6612 6.2921 9.10495
5.53279 11.1464 6.68931 8.1232
5.27267 10.8432 6.6708 8.08209
5.76644 10.454 5.84037 8.15801
5.92472 12.5402 8.16416 9.391
5.62716 11.9459 7.62197 8.41916
5.2078 12.1798 6.58211 8.60751
6.0801 10.1707 5.80101 8.02957
5.26537 11.3657 7.10177 8.2126
5.9453 12.448 6.81442 7.89257
5.26379 11.9726 6.91569 8.36371
6.67762 11.689 6.65126 9.15985
5.5897 12.7674 7.33021 8.83012
5.5723 10.7482 6.56085 8.24115
5.6974 9.53726 5.84747 7.92541
5.23914 9.38628 5.79688 7.73596
5.79234 10.8757 7.05826 7.98867
5.496 9.47018 5.72911 7.60454
5.53549 10.8356 6.35631 7.39585
5.82444 9.93297 6.4253 8.33272
5.728 10.0604 6.33412 7.7408
5.69598 9.85426 6.13364 7.77137
5.77938 10.9756 6.76137 7.51611
5.14697 9.01564 5.58422 7.28928
5.21592 9.06571 5.47748 7.38061
6.2238 13.0337 7.65291 7.99763
6.96807 11.8504 7.23283 8.70378
6.71943 12.4202 7.54461 8.49625
6.98229 11.9881 7.51446 9.75009
6.38912 10.7308 7.051 8.50422
6.65424 11.7605 6.93349 8.42333
6.50293 11.1012 7.32211 9.01641
6.03264 11.026 6.23277 8.61726
6.66306 14.1496 7.66946 7.71991
6.95552 12.0579 7.38114 9.15368
5.75019 10.0785 6.36253 7.68449
5.6115 9.56935 5.96826 7.95223
5.55041 9.68438 6.18046 7.63441
5.85229 9.84834 6.52961 8.3252
6.21321 10.8212 5.87417 8.21373
6.67283 11.4276 7.4654 9.37689
5.75445 10.2837 6.57087 7.65591
6.3689 10.8422 7.24924 8.63924
4.92186 10.8549 6.75157 8.0228
5.66451 10.1913 6.14287 7.83546
4.82357 10.116 6.38718 7.6448
6.74993 12.1363 7.00877 9.52065
5.55253 11.4127 6.91753 8.40827
7.00388 13.4127 8.0032 8.39543
5.89803 11.8045 7.85103 8.73685
6.40203 11.9785 7.79294 8.08472
6.35306 11.7332 8.2528 8.71992
5.40647 9.82128 6.18976 7.75613
6.48884 12.4775 7.43317 7.4322
5.16345 9.25038 5.68951 7.40442
5.16345 9.25038 5.68951 7.40442
5.57374 9.92859 6.14287 7.79005
5.24137 10.6885 6.21757 8.14274
5.16345 9.25038 5.68951 7.40442
5.41507 10.388 6.18714 7.32153
5.24366 9.53068 5.97665 7.25332
5.29414 9.5724 6.12955 7.89173
5.90896 11.578 6.77167 8.82872
5.90728 10.8442 7.00087 8.27055
5.719 10.6339 6.36714 8.04997
6.01629 11.2082 6.83105 8.20581
5.04851 9.138 5.5443 7.4109
6.84484 11.9347 7.99829 9.04979
5.41446 9.62851 6.40982 7.76631
5.82324 11.0713 7.3926 8.6399
7.21985 13.6875 7.73871 7.89817
6.00174 11.0007 7.08932 8.22684
6.543 13.4918 7.63527 7.67129
7.58644 14.2279 8.30297 8.0665
7.25104 13.2562 8.23621 7.79986
7.37523 13.0802 8.61357 8.2509
6.28623 11.9513 7.43897 7.64829
7.23939 13.3344 7.75163 8.26313
6.53163 11.4061 7.3667 7.61109
7.24396 12.0877 7.38188 8.84388
6.53502 10.9068 6.8934 7.99269
5.51363 9.98056 6.14156 7.74037
5.77985 11.1851 6.57822 7.56865
5.68738 10.4319 6.57661 8.28166
7.1481 10.9999 6.78615 8.54511
5.5369 10.2074 6.27767 8.20742
6.71546 11.7416 7.1467 8.09107
6.58613 12.8453 7.6155 7.96662
6.91178 11.2209 6.94963 7.95146
5.71861 11.2903 6.67233 7.26518
6.63542 12.94 7.18821 7.12501
5.16345 9.25038 5.68951 7.40442
5.76512 9.93706 5.9348 7.78586
5.77727 10.0774 6.00252 8.21792
6.13367 10.2792 6.5639 7.64901
7.0339 10.7268 7.50118 8.27987
5.22369 10.2706 6.70071 7.97643
5.35102 9.56844 6.02325 7.76173
5.41347 10.2105 6.55746 8.07941
5.61086 9.93791 6.56541 7.47374
7.61235 12.1826 7.09635 9.11244
6.47092 9.85168 6.15557 7.95547
6.31715 10.3634 6.41986 7.54285
7.87957 12.4176 7.88999 8.34601
6.24723 9.9797 6.15991 7.66997
6.12568 9.55765 6.06404 7.77077
6.80001 11.9003 6.58607 7.46214
7.1488 11.8569 7.15209 7.77487
7.31775 10.9734 7.14459 7.77349
6.73502 10.8907 6.74236 7.81903
6.11159 10.01 6.04895 7.72557
6.39335 10.9285 6.91563 7.6502
6.17089 11.1779 6.50977 7.17623
5.99817 10.8531 7.01522 7.15784
5.4828 9.48399 6.26234 7.56451
5.85037 10.0114 6.4328 7.59757
5.35483 9.74869 6.52136 7.87457
6.918 10.7834 7.01518 7.71426
6.41793 10.0574 6.17604 8.09816
5.86204 10.4335 6.69607 8.35842
7.75763 11.0358 7.12493 7.95525
5.65455 10.6157 6.48904 8.30711
5.7666 9.87562 6.59283 7.87616
5.48741 10.3318 6.14289 7.83234
6.18801 9.97844 6.47651 7.43562
5.99649 10.0263 6.62897 7.46143
7.00368 11.738 7.22816 7.83443
6.73466 11.3175 6.96296 7.19625
6.79268 10.4195 6.84405 7.70137
7.00567 11.7564 7.28051 7.77659
5.29901 9.77172 6.4531 7.93192
5.42511 9.66405 6.21762 7.41728
6.75415 10.7783 6.72953 8.4455
5.12071 10.1666 6.69066 7.69687
5.23818 9.45732 5.71566 7.48566
5.72256 10.6692 7.26919 8.47701
5.37475 9.51987 5.88061 7.67596
5.26249 9.47951 5.95215 7.77779
7.62853 11.0994 6.7893 7.77855
7.27065 10.501 6.79154 8.05498
6.52165 10.2683 6.60214 8.03612
6.7654 10.5211 6.50858 7.64618
5.85325 9.6749 6.56338 7.6214
6.92316 10.8725 6.80503 7.68471
5.04658 9.17393 5.68856 7.54189
6.15794 10.0837 6.08119 7.53981
6.63889 10.5849 6.76198 7.93869
7.38584 11.3516 6.98161 8.90431
5.81917 9.74219 5.90463 7.62745
6.48538 10.1583 6.2754 7.59509
6.05906 10.196 6.38784 8.12216
6.83391 12.0554 7.35715 7.79774
5.25403 9.30214 5.88028 7.45429
6.35936 10.248 6.55401 7.66208
6.24271 9.62326 6.22095 7.53303
5.61106 9.51435 6.34413 7.32803
5.38548 9.71056 6.30152 7.1872
5.53208 9.4776 5.80661 7.46481
5.2138 9.14389 5.63769 7.32123
5.46761 9.57306 5.689 7.49388
5.49416 9.51156 6.13342 7.36543
5.23195 9.35602 5.86473 7.55142
6.01642 10.7069 6.56149 8.28599
5.31177 9.16414 5.8807 7.34402
5.15075 9.19968 5.66965 7.36985
5.2695 9.19838 5.66755 7.34233
5.07535 9.12968 5.63958 7.332
5.08847 9.09149 5.75804 7.2882
5.37999 9.3243 5.68633 7.36982
