9.4659 1.24465 7.35831 7.18301
10.1503 0.831554 8.11417 6.97741
9.75604 1.0717 7.28227 7.03062
9.6779 0.981901 7.24851 6.82552
9.89148 1.2444 7.66979 7.34527
10.0489 1.14645 7.51573 7.70651
10.0919 0.959954 7.39607 7.82285
10.5663 1.11345 7.85059 8.43439
9.58472 1.13486 7.31361 6.95787
9.90382 0.862493 7.2336 7.25678
10.0733 1.03711 7.6445 7.44212
9.58791 1.02342 7.48978 7.14828
10.6715 1.06263 7.81503 7.96682
9.36158 1.34968 8.02941 7.34273
9.49951 1.15139 7.35412 7.26985
9.48794 0.976327 7.52067 7.09104
9.69958 1.24394 7.60481 7.22414
10.4989 1.2174 8.19075 7.98827
9.74074 1.27482 7.71008 7.12674
9.4303 1.31174 7.21463 7.09004
9.45942 1.18608 7.22902 7.09073
9.54773 1.09895 7.2514 7.10578
9.47542 1.12778 7.45115 7.11845
9.97892 1.36404 7.66965 7.69966
9.46677 1.0899 7.29528 7.07325
9.70704 1.11613 7.32033 7.38189
9.37183 1.1614 7.45221 7.1145
9.76198 0.966576 7.49417 6.95015
9.5349 0.855794 7.63925 6.90806
10.9833 1.20741 8.47141 7.70512
9.58581 1.08392 7.16362 7.33283
10.0762 1.03718 7.95172 7.33004
9.44854 1.2421 7.25335 7.4104
9.75373 0.951595 7.49935 6.91647
9.69863 1.40038 8.06984 7.43384
9.67292 1.317 7.94545 7.4512
10.5659 1.33577 8.32255 8.42277
9.46677 1.0899 7.29528 7.07325
9.52156 1.12578 7.39996 7.10228
9.76141 1.13188 8.06965 7.38757
9.61502 0.974653 7.54745 7.04392
10.3575 0.893693 7.87274 7.84169
10.6491 0.981586 7.57796 7.5443
10.0547 0.98402 7.62878 7.19833
10.955 1.08935 7.51252 7.96842
10.304 0.958403 7.54225 7.27549
9.95432 1.31848 7.61964 7.31794
9.59257 1.2756 7.12053 7.19815
9.18414 1.53352 7.40157 7.44162
9.65911 1.25995 7.27229 7.51253
9.46677 1.0899 7.29528 7.07325
9.47942 0.989241 7.23838 7.09471
9.71369 1.17605 7.98913 7.46824
9.46677 1.0899 7.29528 7.07325
9.89698 1.45598 7.39179 7.42424
10.5245 1.07444 8.2143 7.80678
9.57923 1.0039 7.37074 7.16998
9.46677 1.0899 7.29528 7.07325
11.7044 0.782621 7.93695 9.05415
10.7409 1.28572 8.53408 8.07886
9.48136 1.26345 7.25986 7.30626
11.5966 1.24882 8.97323 9.3545
10.4891 1.22862 8.44465 7.72766
10.9615 1.0187 7.87763 8.4919
12.8407 0.687843 8.50468 10.1264
9.60377 1.45656 7.09428 7.35809
11.8291 0.733971 7.76876 8.82298
10.7772 0.784858 7.45717 8.11694
9.55535 1.16383 7.1601 7.21577
11.8267 0.831612 7.50879 8.71515
10.1177 1.25421 8.66134 7.2847
9.43085 1.2833 7.46333 7.27497
9.78939 1.15978 7.58613 7.4033
9.32247 0.933743 7.32281 7.40471
11.1751 0.710172 8.09761 8.15481
9.74113 1.23155 7.90518 7.52011
11.0993 0.63126 8.60985 8.19955
11.4357 0.703332 8.53446 7.63929
10.5854 0.859658 7.46854 7.36407
9.76063 1.02599 7.18292 6.98467
9.67625 1.00956 7.1368 7.50869
11.1402 0.868703 9.49478 7.4652
9.43494 1.06232 7.62385 7.16644
11.5061 0.76613 8.12261 9.07477
9.52655 1.04027 7.20872 6.98992
9.46677 1.0899 7.29528 7.07325
9.46677 1.0899 7.29528 7.07325
10.8703 0.924722 8.22539 7.42216
10.5691 1.28437 8.55335 7.33868
9.73115 1.2881 7.70612 7.24712
11.0947 0.885573 8.26592 7.48848
9.95185 1.02689 7.5838 7.49808
10.0468 1.4279 7.47664 7.43927
11.8639 0.979238 8.06288 8.92566
9.75465 1.05949 7.51014 7.11397
9.47906 1.07947 7.28667 7.23139
11.7516 1.12229 8.39278 9.49471
9.46677 1.0899 7.29528 7.07325
10.9103 1.09702 10.0861 7.7043
12.3774 0.744183 9.20833 9.73696
9.94161 0.939967 7.80302 7.44202
10.2496 1.3371 8.85232 7.43623
10.2173 1.45249 8.70428 7.79463
10.0041 1.51483 8.06141 7.65731
10.8507 1.40583 8.4938 8.34757
11.2539 1.12233 8.15001 8.59698
9.62224 1.02673 7.42624 7.32375
9.90292 1.54827 8.21433 7.53457
11.7678 1.23019 8.10537 9.46409
9.69066 1.03149 7.47714 7.44922
11.8205 0.605125 7.84573 8.69542
13.0073 0.375145 7.94342 9.87216
10.6467 0.922718 9.41698 7.26339
11.9412 0.681982 7.72711 8.84389
12.0354 0.683885 7.64009 9.13433
10.6766 1.47927 8.25352 7.19426
10.596 1.04714 7.61518 7.92947
10.861 0.913106 8.29537 8.00356
10.8496 0.747101 8.97976 7.76331
10.3023 0.995826 8.06734 7.66644
10.2188 0.728031 8.32757 7.59186
9.88572 0.826409 7.73275 7.52965
10.5747 0.778109 8.18998 7.70395
10.0035 0.965139 8.26188 7.50521
10.3111 0.805863 7.9245 7.64173
10.1637 1.2184 7.91868 7.55261
10.1346 0.99539 7.98175 7.5966
10.8985 1.25873 8.9464 7.9887
9.51002 1.22459 7.52849 7.17333
11.683 0.975887 9.35978 7.6805
10.9035 1.00979 8.57501 8.24327
10.4942 0.971203 8.64799 8.11143
10.7942 0.624348 9.70275 7.26638
10.7509 0.74638 9.30707 7.37071
10.2024 1.27388 8.88157 7.17465
11.1108 0.745367 9.44418 7.44734
10.19 1.14253 7.98354 7.28634
9.9143 1.389 7.98419 7.41239
10.2856 0.980753 7.74883 7.4608
9.46677 1.0899 7.29528 7.07325
10.1564 0.884643 7.73845 7.56553
10.3473 0.636845 8.05578 7.8039
9.85975 1.0603 7.68995 7.4296
10.4382 0.692799 8.43664 7.7725
9.76763 0.994306 7.80779 7.40791
10.3306 0.800059 7.88555 7.31324
11.2811 0.85554 8.57026 8.28612
11.4414 0.476657 7.69114 8.71084
10.6299 1.12275 8.00119 8.23627
10.9492 1.06222 7.90383 8.19056
11.0649 0.971503 8.21207 8.25993
10.772 0.769138 10.0708 7.32746
9.78223 1.09596 7.55822 6.94569
10.5686 0.568072 7.8362 7.80906
10.4066 0.839514 8.16954 7.56641
10.5574 1.45286 8.34652 7.37869
9.79749 1.19244 8.02401 7.54199
10.8452 0.698933 8.6263 8.067
10.0848 1.19673 8.05791 7.69833
10.429 0.950365 9.11472 7.41463
10.7253 0.703743 8.43868 8.26197
10.469 1.29616 8.376 7.96283
10.0524 0.890373 7.9551 7.6373
10.1682 0.755396 8.27519 7.49865
10.1847 1.3133 7.71275 7.0969
9.96385 0.979834 7.79753 7.54559
11.1504 1.82772 9.03098 8.5636
10.3858 1.04095 8.95515 7.40914
10.0146 1.21213 8.03048 7.5921
10.3643 1.31957 8.45816 7.80673
10.0655 0.957068 8.76873 8.02443
9.98968 1.26424 7.71765 7.3401
10.737 0.470851 9.06974 8.71082
10.8497 1.00564 8.49222 8.16905
10.1638 1.20789 8.29764 7.88276
10.2226 1.07076 8.69955 7.14914
10.4032 1.048 7.79119 8.29936
10.8147 0.841541 8.22178 9.14471
11.1382 0.463375 8.80202 8.20525
11.4107 0.5432 9.22173 9.36849
10.0993 0.543752 8.3491 7.7262
10.1919 1.03664 8.17442 7.80593
12.3483 0.831769 9.71876 9.07331
10.5441 0.822778 8.38669 7.84336
10.1021 0.885498 7.64163 7.51091
9.44424 1.24525 7.70703 7.08369
10.4674 0.928381 9.62448 7.55868
10.0609 1.15456 8.75545 7.1419
11.8139 2.05378 8.52789 8.37588
11.287 1.07573 8.16013 7.74181
10.7562 1.56204 8.14631 7.49002
10.166 1.18167 8.03205 7.56232
10.785 1.72414 7.98065 7.4398
10.9096 0.601055 8.96913 8.30869
10.0193 1.43957 8.00556 7.732
10.5274 0.635807 8.44561 7.94202
9.93328 1.39252 8.17844 8.11236
10.4515 1.02968 8.14653 7.62649
9.79748 0.950454 8.21825 7.26842
10.3547 1.19667 8.63827 7.8722
10.5909 1.1582 8.27949 7.88024
9.92601 1.21122 8.32667 8.00194
10.0516 1.20165 8.14757 7.28181
10.6018 0.704589 9.43608 8.41916
10.1574 0.817844 9.19413 7.79831
10.4203 1.0074 8.84765 8.31328
10.5229 1.45491 8.59101 8.42525
10.6729 1.4555 8.84445 8.60962
11.3529 1.4346 8.08265 8.51065
10.7832 1.37676 8.22921 7.99181
10.2347 1.24147 8.41795 8.04713
9.84803 1.41122 8.39084 7.72857
9.65416 1.24343 7.70353 7.92244
9.43825 1.22844 7.39301 7.08094
10.9266 1.43927 8.52268 8.03298
10.1776 1.37749 8.49017 8.54043
10.7076 0.982893 7.75268 7.94798
10.1887 0.953965 7.92609 8.29131
10.9945 0.83035 8.33951 9.0581
9.82434 1.21561 8.00146 8.04712
10.5465 0.963047 8.69779 8.64607
10.3771 0.998972 8.6972 8.68177
11.3361 0.868684 8.02428 8.16403
10.3257 1.04906 8.75309 8.17134
10.0848 0.853572 8.26696 8.78492
10.2012 0.808904 7.944 8.81231
9.62956 1.18262 7.92172 7.39569
10.7933 1.15435 8.5764 9.30797
10.3047 1.35402 8.89388 9.21389
10.7153 1.12688 8.3575 8.10341
10.3513 1.07528 8.21147 7.82521
10.6026 1.43074 8.51796 8.30722
10.3307 0.812692 9.02242 8.23309
11.7335 1.57876 8.9944 8.24667
10.2309 1.1301 8.20834 7.40116
10.246 1.09441 8.15226 7.81234
10.0243 1.52964 7.83494 7.42525
10.1562 0.959637 8.14046 7.63943
10.3268 1.02964 8.2504 7.56212
10.0964 0.783631 7.69414 7.48084
10.7297 0.596457 8.46338 7.89247
10.1645 0.636736 7.77065 7.5451
10.8946 0.563735 8.89145 8.97356
11.4649 0.886032 9.03386 9.23401
10.5953 1.72437 8.12043 8.31734
11.2718 1.32387 8.55388 8.41231
9.99186 1.26008 7.88724 8.22486
9.9553 1.11333 8.18004 7.67777
10.2759 1.14821 8.00899 8.27387
9.46677 1.0899 7.29528 7.07325
11.6955 2.3757 9.94272 8.93667
10.1609 1.29682 7.75462 7.32382
10.167 1.60815 7.58617 7.56259
10.0619 1.63691 8.04775 7.86242
10.6062 1.49542 7.9898 7.56136
10.7113 0.791967 8.80412 8.00133
10.1629 1.14207 7.53494 7.50656
10.2215 1.18353 7.72444 7.09869
9.63513 1.10296 7.47186 7.14957
9.79901 0.872139 8.01075 7.53132
11.3733 1.65544 8.8859 8.63177
10.2152 1.7137 8.27697 7.71195
9.63561 1.09115 7.4566 7.47238
10.2459 1.21732 8.09651 8.03681
10.3916 1.22007 7.74076 7.82352
11.1859 1.21487 8.5801 8.90041
11.9155 1.85595 9.30651 8.13422
10.0638 0.918379 7.86683 7.64377
9.93971 1.0191 7.47812 7.21771
10.4608 0.834084 7.98049 8.19851
10.0102 1.04314 7.83517 7.47418
9.53442 1.05834 7.40702 7.12865
10.4341 0.961056 7.86679 7.60279
10.0235 1.37576 7.66018 7.8284
11.0957 1.63227 7.90704 7.98898
10.4495 1.04866 7.49584 7.30128
10.6201 1.46115 8.24851 8.03518
10.2706 0.963352 7.65827 7.6146
10.9405 0.569693 8.19304 7.84316
10.3274 0.92025 7.7418 7.97459
10.2967 0.825301 7.62613 7.70126
10.7826 0.737785 8.04709 8.15228
9.94813 1.17207 7.65963 7.40105
11.5179 0.494685 8.82475 8.99683
10.5403 1.00531 7.88759 7.72973
10.7465 0.431618 8.08412 8.2069
11.3306 0.954549 8.09309 8.57751
10.6589 1.06897 8.31792 7.63839
9.94579 1.40111 7.80184 7.86732
11.1543 0.73418 8.08593 8.26277
10.374 2.17113 7.96611 8.16822
9.78362 1.7601 7.5317 7.72825
10.4412 1.67038 8.19492 8.11852
10.6417 2.16869 8.48746 7.92464
10.1598 1.6795 7.97693 7.78012
10.2562 1.64768 7.94249 7.90191
11.8359 1.03672 9.1899 8.22478
11.277 0.241902 8.20062 7.95489
11.2503 1.38702 8.61248 8.8324
10.2846 0.890348 7.71106 7.56334
10.158 1.27889 7.74018 8.02136
10.4298 1.74227 7.53238 7.71671
10.5916 1.99947 8.24371 8.44964
10.9981 0.60587 8.10571 8.19877
10.0043 1.58674 7.76829 7.26427
10.5076 1.67534 8.32961 8.09233
10.4065 1.28624 7.83496 7.93332
11.6769 1.66698 8.49586 8.78261
10.4917 1.33239 7.91264 8.28679
11.7677 1.13888 8.58882 8.13877
11.5699 0.694432 8.63366 8.53771
10.7871 0.868021 8.24435 8.71112
10.7585 1.00939 8.42978 8.41614
11.4741 0.559669 8.40382 8.27558
10.9985 2.17281 8.97431 8.34404
10.8913 1.9193 8.87354 8.00395
10.024 1.85839 8.23707 7.8461
11.2729 0.726047 8.95972 8.50416
11.517 0.455664 8.5407 8.40205
11.2926 0.526264 8.59465 7.80591
11.4951 0.782861 8.90841 8.28051
11.9025 0.769524 8.94703 7.82668
10.3134 1.75118 7.88896 7.2849
10.0989 1.40284 7.6101 7.21977
11.0314 1.94776 8.7171 8.16612
10.4165 1.29124 8.03189 7.22821
11.0683 2.12136 9.19747 8.31752
9.46677 1.0899 7.29528 7.07325
12.1115 1.93157 9.05261 8.05525
12.0304 1.09648 9.51405 8.76145
11.4222 1.30397 8.4927 7.44587
10.9569 1.09029 8.41222 7.70718
10.9177 1.98214 8.86284 7.99713
11.707 1.36968 9.24237 8.61627
10.5936 1.00612 7.97099 7.43211
10.7025 1.9136 8.68439 8.4015
10.9518 0.573573 8.36821 8.17092
10.4858 1.28653 8.25339 7.23675
9.46677 1.0899 7.29528 7.07325
10.0466 1.42893 7.98053 7.33257
11.0767 2.32867 9.54894 8.52155
10.3857 1.06639 8.3513 7.97332
10.4712 1.4907 7.99233 7.70875
10.3387 1.29567 8.00213 7.51952
10.0884 0.983082 8.05455 7.78522
10.2885 1.21131 8.39369 8.00032
9.92581 1.17318 7.97831 7.86254
11.5427 1.18162 8.80999 9.14129
10.3951 1.82603 7.93156 8.0954
9.88061 1.06691 7.57311 7.92526
9.53877 1.00886 7.33889 7.2328
10.8671 1.18727 8.76603 8.52613
10.7309 1.09193 8.40073 8.26127
10.1808 1.55374 7.99382 7.64628
11.4164 0.919992 8.86151 8.43795
12.2214 0.669391 8.87255 9.18049
11.3697 0.419195 8.79375 9.04445
10.6934 0.770446 8.12633 7.9838
10.8886 0.912858 8.36449 8.41214
11.173 0.788355 8.30827 8.77517
10.946 2.10565 7.77884 8.31864
11.008 1.02623 8.23376 8.41029
12.1933 1.61707 9.10712 8.33147
11.2526 2.14121 8.10356 8.35004
10.4949 2.16592 7.92655 7.9123
11.8701 0.936042 8.66118 9.29203
10.0834 2.02578 8.07628 7.75211
11.0064 1.89912 8.13194 7.50338
11.0977 1.69505 8.38378 7.27759
12.6962 1.811 9.51127 8.1944
12.846 1.1877 9.48595 8.72989
13.2933 1.099 9.73839 8.86262
11.6058 1.31797 8.86602 7.91179
10.914 1.40704 9.00119 8.25207
9.73958 1.21679 7.44555 7.1402
10.0248 1.32942 7.73448 7.16698
9.65011 1.23136 7.48413 7.10784
10.9301 1.01756 8.58025 8.4282
10.5652 1.25386 9.09802 8.79733
10.2642 1.4455 8.92938 8.56363
9.76201 1.14696 7.40743 7.35181
9.86675 0.983611 7.45584 7.06797
9.82512 1.22316 7.6027 7.48208
10.5206 1.81475 7.9233 8.21757
10.7582 1.26045 8.68583 8.2416
9.56288 1.13973 7.32262 7.02958
9.46677 1.0899 7.29528 7.07325
10.576 0.916421 7.77914 7.97778
9.46677 1.0899 7.29528 7.07325
10.2671 1.72186 8.00049 7.53649
12.323 1.41533 9.05552 8.31764
11.259 1.52384 8.36093 7.48777
11.7106 1.66706 8.67408 7.25352
11.3317 1.39245 8.62113 7.05398
10.7456 1.34148 8.11675 7.52058
11.2027 0.843667 7.95736 8.59731
11.1446 0.976828 8.00651 8.43415
10.3108 1.04824 8.27434 8.21575
11.535 1.87268 8.36593 7.46781
10.9051 1.5069 8.49576 8.70777
11.0102 1.39487 8.66011 9.73757
10.4357 0.84698 8.25137 8.7957
10.5221 1.20084 8.15765 8.70819
9.50509 1.17287 7.48291 7.09834
9.75421 1.12582 7.7788 7.10424
10.201 1.13695 7.72717 7.33113
11.479 1.52185 7.92566 8.68625
10.4853 1.25367 8.45128 8.51853
10.4788 1.06453 8.3283 7.65205
11.2127 1.39801 8.96116 8.66993
10.764 1.49805 9.28129 9.21022
11.0111 1.3907 8.02457 8.52443
11.907 1.87656 8.17695 9.10196
10.8801 1.34464 8.59881 8.22579
9.69471 1.12323 7.20847 7.39581
10.4043 1.8972 7.79283 7.88757
11.2115 1.30928 9.34532 8.23287
11.1254 1.75212 8.78487 9.17053
11.0317 1.30821 8.04874 8.16111
11.9743 2.56326 9.19644 8.00261
10.6363 1.34475 8.55602 8.65649
12.045 1.78856 8.42468 8.7256
11.0708 1.27842 8.07489 8.1475
10.5716 1.34334 7.98255 7.54235
11.2778 1.84939 8.26439 7.75498
11.7211 1.18781 8.65655 8.29323
10.6319 1.18168 8.9173 9.09824
9.98965 1.50578 8.14703 7.6139
10.8849 1.0523 9.20451 8.58473
10.9364 1.68141 8.13383 7.34123
10.9556 1.14537 9.3122 8.37643
10.9137 1.30943 8.00091 7.63579
10.7619 1.38517 8.93024 8.17475
11.4392 1.62277 9.71994 10.0884
11.2829 0.891943 7.9301 8.56545
10.3866 1.45116 8.43237 9.02819
11.6301 1.1584 8.12774 8.71753
11.3721 1.32188 8.30846 8.55871
11.2265 1.80864 9.1384 9.57444
10.8274 1.1099 9.04699 9.56204
10.9442 1.3634 8.69411 8.00177
10.5615 0.950437 8.69577 8.25113
11.2684 1.50971 8.81115 8.18104
10.5098 1.22438 7.85822 7.92896
10.6729 1.51423 7.93873 7.38183
10.7064 1.64201 7.72773 7.57748
10.1864 1.42366 7.54816 7.38667
11.2947 1.62355 7.98895 7.86663
11.0181 1.1864 7.61898 9.01291
11.4 1.25072 7.89573 8.81043
11.1979 1.55969 7.6712 7.59408
11.2808 1.34412 9.0603 8.29346
9.893 0.971565 7.86446 7.24713
9.92914 1.24682 8.26905 7.7361
9.94382 1.06951 8.41347 7.71117
9.82622 1.21488 8.6355 7.9729
10.5735 1.76736 8.26394 8.20629
11.4894 1.37919 9.19458 8.3913
9.66349 1.27043 7.66247 7.3688
9.90213 1.46875 8.3519 8.01105
9.49575 1.14193 7.44194 7.21636
10.6382 1.1998 8.13426 7.59454
11.4689 1.53475 7.7702 7.78403
10.7271 1.32495 7.50218 7.55019
10.7382 1.68861 7.53508 7.332
10.0824 1.56545 7.52127 7.43773
10.8841 1.50769 7.66137 7.4255
10.3572 1.46639 7.61489 7.20607
9.71769 0.729638 8.15571 7.69081
9.9038 0.747842 7.83647 7.57154
9.83473 1.20892 8.16797 8.00305
9.94003 0.825779 7.96296 7.51922
10.6457 1.2108 8.97833 9.01902
11.0131 1.48971 8.81314 9.14888
10.7088 1.1635 7.93457 8.08181
11.3955 2.04033 8.87408 9.12625
10.4655 1.71222 7.96964 8.41084
11.2806 1.34459 8.03885 8.50101
10.5124 1.16813 7.89759 7.91498
11.3059 1.01038 7.82956 8.66315
9.65854 1.06216 8.00009 7.49586
10.7293 1.40194 7.46044 7.91263
9.78785 1.04932 7.6256 7.46448
9.43916 1.0739 7.73302 7.49998
9.46677 1.0899 7.29528 7.07325
10.1154 1.10836 7.44343 7.32532
9.87605 1.38395 7.42143 7.35947
9.7909 1.14389 7.72104 7.49951
9.9951 1.31744 7.57588 7.14978
10.9433 1.40254 8.73622 7.70985
11.1262 1.29728 7.77471 8.56701
10.0699 1.26777 8.26975 8.36152
9.46677 1.0899 7.29528 7.07325
9.65695 0.875527 7.7947 8.00471
10.0734 2.12456 8.26566 7.85649
11.1662 2.71765 9.16841 9.16897
10.3812 1.53439 8.28698 8.43692
10.6691 2.01584 7.91363 7.94154
10.0159 1.47123 7.9268 7.47808
10.6289 1.41871 8.0076 8.59797
10.3096 1.43964 8.54787 8.09989
9.46743 1.16538 7.71451 7.60318
11.4981 1.40684 8.8309 8.98732
11.1432 1.7048 8.31341 7.77041
9.55393 1.21148 8.00932 7.68311
10.434 1.81662 8.40535 8.52361
11.1887 1.46776 7.70013 7.61445
9.83452 1.24284 8.03104 7.89471
10.445 1.1664 8.18488 8.03291
11.6859 0.844469 7.94621 8.9976
9.77923 1.10495 7.68711 7.45793
10.3151 1.55301 8.01775 7.63536
10.9068 0.957515 8.09861 7.73127
10.7901 0.999924 8.05362 8.52696
11.9696 0.96211 7.97996 9.53164
10.7584 1.54208 8.1252 8.55336
9.96735 1.30203 7.58112 6.91723
10.624 1.34561 7.74347 7.53916
10.3679 0.9354 7.69213 7.79206
9.56713 1.38693 8.01864 7.91276
10.0911 1.12556 7.65414 7.29577
9.59149 1.09305 7.32276 7.20704
10.2338 1.42217 8.38603 8.3443
9.46677 1.0899 7.29528 7.07325
10.5104 1.29665 7.75196 7.25023
10.6009 1.09495 7.80923 7.90228
9.51206 1.05366 7.38401 7.21215
10.0573 1.19396 7.91844 8.04409
9.46677 1.0899 7.29528 7.07325
9.78963 1.19857 7.81699 7.68056
10.0863 1.11759 7.51179 7.30773
11.1531 2.56477 8.27818 8.02376
9.61727 1.17257 8.02345 7.89192
9.93926 1.33978 7.71191 7.42266
11.4083 1.62412 9.41366 9.509
10.2512 0.903046 7.38558 7.90217
10.0965 0.892633 7.35409 7.29049
11.0149 1.044 7.71925 8.73447
10.6371 2.07129 8.65356 8.01527
10.7898 0.995408 8.04728 7.40198
10.2372 1.13176 7.75568 7.30482
10.7192 0.984027 7.64022 7.67571
10.2953 1.24271 7.52738 7.59342
10.2542 1.22494 7.36043 7.41479
10.2259 1.67387 8.01569 7.91688
10.7407 1.46843 7.577 7.59397
10.8115 2.61474 8.59074 8.16857
10.6264 0.869188 7.55473 8.16936
10.8242 0.670704 7.5904 7.93024
11.5243 1.21851 8.2167 9.22689
9.46677 1.0899 7.29528 7.07325
10.3532 1.20607 7.73378 7.85174
10.2228 1.11073 7.7653 7.71018
10.1872 1.02805 7.59303 7.65717
11.322 1.31153 8.0651 8.67397
11.0448 1.30759 7.7809 7.6937
10.2991 0.957538 7.45357 7.40575
9.46677 1.0899 7.29528 7.07325
10.1457 1.08153 7.59579 7.25211
9.96711 0.902965 7.32376 7.72588
11.241 1.01103 8.03815 8.53368
10.575 1.97836 8.08245 7.77537
10.3598 1.16657 7.28735 7.94934
10.716 1.59357 7.85104 7.44004
10.6477 0.837954 8.04151 8.32089
10.2298 0.781588 7.58833 7.65511
10.8736 1.15178 7.52019 8.03757
10.4719 2.24703 8.57718 8.13832
10.4156 1.08342 8.03943 8.08341
12.7219 1.22723 8.25382 10.315
12.4247 1.17701 7.98812 9.35299
10.0005 1.71858 7.51446 7.31226
11.357 1.24655 8.49619 9.09741
11.1633 1.01028 7.87438 7.9831
9.89611 1.18868 7.38907 7.31316
10.5595 1.61172 7.52577 7.65908
10.0113 1.59371 7.49446 7.37338
9.91189 1.01133 8.00878 7.91876
10.2132 1.27685 7.44507 7.41981
10.8164 0.88461 8.14132 8.92013
10.6803 1.01423 8.41231 8.53906
10.401 1.11974 7.51266 8.09949
11.1199 0.71958 9.74006 9.1407
9.63921 1.20569 7.74203 7.41265
10.9042 1.93992 9.36039 8.56167
9.86822 1.43912 7.5569 7.30684
9.53589 1.15154 8.00391 8.01105
9.72926 1.00327 7.74653 7.74774
10.0827 1.33417 7.80548 8.21373
10.1061 1.1174 7.34267 7.66437
11.1297 0.827067 8.13269 8.27069
11.4101 1.02964 7.92111 8.73342
10.8412 1.32573 8.29323 8.69815
10.8964 0.920558 8.02992 8.5959
11.3337 1.61125 9.12929 9.72321
11.7861 1.38241 9.1041 9.32533
11.7585 1.18809 8.00151 9.08533
11.2365 1.41261 8.62183 9.03527
11.3528 1.01488 8.3565 9.00078
10.6296 1.08357 7.47883 7.94645
10.6746 0.949357 7.68433 8.24944
10.2651 0.87098 7.04122 8.11218
11.198 0.48964 7.85181 9.04657
10.4753 0.868437 7.33731 8.13303
9.57204 0.998819 7.27353 7.24843
10.3072 0.967721 7.59831 8.151
11.3615 1.02232 8.5292 8.73282
12.3679 1.43457 8.85513 9.15992
10.6082 0.958828 8.75973 8.42596
10.7576 0.777012 8.48394 8.73717
10.1253 0.78098 7.49594 7.86288
11.5148 0.67659 8.04749 9.05908
11.0566 1.32844 7.42893 8.15976
10.3909 1.20312 8.45635 8.23698
10.5225 1.40217 9.16311 8.65859
10.8069 0.710946 7.91658 8.30548
10.1716 1.08643 9.40381 8.51671
10.1887 1.0429 9.19436 8.23753
14.3315 1.55466 10.2749 11.2215
10.4997 1.00347 9.76149 8.98335
10.8292 1.17825 8.79661 8.43018
11.3447 1.42558 9.528 10.1794
10.5244 1.09203 9.08175 9.14832
9.91885 1.40652 8.12422 8.36799
10.1888 1.31776 8.80238 8.12955
10.5499 1.35706 9.18728 8.23557
10.4991 1.19742 8.92064 8.13103
11.2845 1.06498 8.05409 8.72827
10.2787 1.42191 7.45872 7.82516
10.5255 0.841189 7.71446 7.97205
10.6006 0.791627 7.68561 8.20835
11.3254 0.405219 8.10518 8.81846
10.6873 0.863921 7.62459 8.01501
11.342 0.725897 7.94235 8.43413
10.6246 0.792446 7.4024 8.08922
11.0769 0.735619 7.78843 8.43886
9.98027 1.43483 7.76339 8.04351
10.9054 1.393 9.72671 8.7468
10.2126 0.953937 8.86584 8.35896
10.9033 0.98306 9.74673 9.08633
10.8143 1.12316 9.26991 8.71723
11.0784 1.22294 9.23122 8.82976
11.7178 1.16794 9.38281 9.63511
12.5648 0.989708 8.34819 8.96901
10.0249 1.2179 7.29183 7.64472
10.4493 1.36518 8.53892 8.23938
10.0089 0.877216 7.72563 7.61649
10.7769 1.38501 8.94696 8.82824
10.8414 0.972076 9.40026 9.15016
12.4743 0.73409 8.51784 9.30447
9.46677 1.0899 7.29528 7.07325
12.0133 0.708919 8.19738 8.57253
12.3149 1.20247 8.24355 8.58768
11.7533 1.30105 7.801 8.46386
10.5522 0.667449 7.43397 7.92791
10.7167 1.43519 8.63194 7.96369
10.6709 0.814932 9.14788 9.09428
10.1071 1.27345 8.31952 8.13402
9.46677 1.0899 7.29528 7.07325
11.473 1.26449 9.37062 9.15046
9.64081 1.45111 8.37223 7.98112
10.0637 1.39675 8.33051 7.87663
9.82103 1.3883 7.49998 7.79643
9.51982 1.05719 7.23217 7.11281
10.7306 1.46995 9.04647 8.92695
9.54503 1.22177 7.49206 7.25928
10.8051 1.11675 9.19028 9.2443
11.5219 1.12762 7.88054 8.36652
10.7033 1.25935 8.04919 8.31227
10.6056 1.2275 8.14506 8.08847
9.83663 0.905417 8.03617 7.98682
12.3386 1.04594 8.70064 9.56877
11.3596 1.27524 8.27045 8.67488
11.4421 1.26359 9.30239 8.87394
10.0008 1.22618 7.95868 7.80999
11.0753 1.31177 7.99891 8.48744
11.8989 1.36483 7.98625 8.592
11.4452 1.7609 8.85347 8.79595
10.5382 1.26988 9.1107 9.06016
11.8309 1.84681 9.6847 9.61537
10.6015 1.32154 8.98763 8.31324
9.78129 1.3422 8.25122 8.06468
9.8064 1.38284 7.55067 7.53395
10.1897 1.4376 9.06844 7.81259
9.63694 1.00913 7.83472 7.33469
11.1409 0.864359 7.41575 8.25149
10.0239 1.48082 8.80127 8.26174
9.59675 1.58648 8.61795 8.07898
10.0113 1.18243 8.37067 8.01063
11.0845 1.4225 7.90958 7.74059
9.46677 1.0899 7.29528 7.07325
9.53934 1.04515 7.20896 7.12737
12.7919 1.39159 8.20341 8.81394
11.0472 0.934202 8.74122 9.07271
12.6319 1.85302 8.72433 8.51664
10.9775 0.933119 9.41166 9.21668
9.9954 0.90075 8.31729 8.47243
11.9747 1.55712 8.46088 8.24251
10.3651 0.711816 8.63879 8.70561
10.1927 1.17707 8.40831 8.33158
13.8324 1.24276 8.54236 9.0512
11.9837 1.54684 8.78228 9.57484
10.1441 1.67117 8.55243 7.88941
9.76695 1.37268 8.35956 7.79401
9.99112 1.43441 7.73707 7.89213
10.276 0.920167 7.93965 8.27821
10.384 1.34085 8.23827 8.29272
11.0297 0.983228 8.77683 9.29827
9.84141 1.92002 8.90356 8.002
10.4441 0.762862 8.5731 9.00674
11.079 1.48257 8.1046 8.0536
10.3192 1.61821 8.33327 7.88958
10.5934 1.44194 7.68728 7.51033
11.0539 0.873317 8.69235 9.3217
11.3639 1.42004 8.47433 8.08787
12.8665 1.91364 8.64455 8.69555
11.7865 1.54181 8.32242 8.59736
12.1527 2.05365 8.37874 8.23373
11.853 1.3797 8.74311 9.15491
9.90374 1.56523 7.89092 7.52469
12.7018 1.68054 8.38933 8.59552
9.73063 1.30724 7.34525 7.34703
9.69917 1.28133 7.33929 7.31439
10.1828 1.7876 8.05556 7.27123
10.5402 1.53749 8.17139 7.9199
9.73063 1.30724 7.34525 7.34703
10.5459 1.29275 7.61788 7.57157
9.6762 1.33832 7.57952 7.19384
10.4403 1.20703 7.98597 7.16216
12.0215 2.16623 9.32864 8.00207
11.2923 1.5348 8.1555 8.04193
10.8536 1.72467 8.23214 7.59107
11.8304 1.32228 8.72962 8.72189
9.45597 1.16509 7.23898 7.07984
10.7497 0.753995 8.72341 8.99992
9.86096 1.28232 7.99457 7.10524
11.7829 1.37051 8.87714 8.84427
13.2007 2.42595 8.5504 8.60132
11.6012 1.53372 8.95086 7.85374
12.9601 2.3817 8.62165 8.1879
14.0026 2.55547 8.8196 8.88861
13.9365 1.90119 8.61062 8.6701
13.0344 1.9201 9.17558 8.20402
12.4214 1.52107 8.27905 8.4146
12.9463 1.81717 8.6483 8.50678
12.0835 1.63334 8.25689 8.02938
12.9701 1.19094 8.349 9.05721
11.4232 1.22367 8.7014 7.84201
10.3237 1.45666 8.05736 7.60644
11.1107 1.33217 7.93931 7.62769
11.0005 1.55068 8.67593 7.54127
11.2255 1.11611 8.42188 7.95541
9.88778 0.633786 7.6534 8.46713
12.0352 1.6187 8.54691 8.25179
13.1418 1.61119 8.81018 8.82182
11.6717 1.65195 8.44817 7.83146
11.4417 1.11241 8.26092 7.80942
12.427 1.90393 8.33515 7.77682
9.69917 1.28133 7.33929 7.31439
10.4613 1.15311 7.88818 7.50999
10.6156 1.40476 7.99849 7.60938
10.8524 1.18255 8.12774 7.26711
12.2722 0.752223 8.77404 8.83238
10.6177 1.61468 8.36069 7.45277
9.83223 1.25201 7.77659 7.6722
10.5742 1.49441 8.71199 7.2724
9.98652 0.741198 7.70386 7.6064
12.4118 2.4 9.73416 9.21348
10.4876 0.968787 8.17127 7.79934
10.9771 1.3555 8.37032 7.98655
12.7025 1.59001 9.35749 8.37502
10.5209 0.946958 8.19004 7.56617
10.6391 0.95424 8.16123 7.61397
11.7959 2.34697 8.54958 7.8084
12.179 2.20314 8.66676 7.85301
11.5349 2.32329 8.87013 8.21808
11.1015 1.94137 8.69788 8.38325
10.1705 1.71622 8.22475 7.64806
11.2201 1.09074 8.50873 7.76338
11.4605 1.5927 8.33511 7.78945
11.5558 1.32871 8.35185 7.35234
9.66343 0.921926 7.92731 7.09587
10.8761 1.02469 8.22834 7.39626
10.0707 0.926646 7.37597 8.27047
10.976 2.45091 8.91632 8.56481
10.5955 1.96689 8.41273 7.74633
10.9573 1.73826 8.56087 7.71867
11.6951 2.28528 8.96834 8.67791
10.3421 0.594842 7.49594 8.16945
10.1648 0.907323 8.02103 7.58562
9.74066 0.887186 7.38267 8.15727
10.6974 1.86487 7.84767 7.99238
10.6814 1.19205 7.89506 7.30685
12.6003 1.63614 8.53978 8.06821
11.3668 1.7425 8.64742 7.22941
11.1028 1.22697 8.38236 7.79158
12.1565 2.47499 7.93593 8.25164
10.3066 1.44828 8.55873 7.17103
9.84961 1.33605 7.74762 7.39114
10.8673 2.42779 8.51915 8.55476
10.3989 1.62503 8.09629 7.33617
10.0441 1.37232 7.77429 7.18742
11.177 2.13138 9.14479 8.06098
10.018 1.34786 8.22612 7.22341
9.63757 0.861048 7.12078 7.69155
11.0827 2.33787 8.55589 8.56492
11.2445 2.88634 8.9391 8.75417
10.7402 2.75687 8.35484 8.15193
10.5851 2.38328 8.2346 8.0112
10.1189 1.26917 7.83211 7.79439
11.6947 1.68465 8.43043 7.73237
9.49852 1.02027 7.14074 7.56995
10.8364 1.164 7.90564 7.36253
10.6667 3.00462 8.5859 8.30956
11.1799 2.83373 9.17748 8.92839
10.2759 1.70401 7.74109 7.86961
10.5191 2.3224 8.21091 8.09318
10.396 2.20752 8.52807 7.88614
12.4448 2.44077 8.2498 8.64934
9.5421 1.14915 7.08403 7.4091
10.8061 0.993441 7.89186 7.20297
10.5977 1.37466 8.05289 7.52247
9.97525 0.920626 7.52242 7.14828
10.1239 1.03227 7.38931 7.47658
9.77451 1.30224 7.43877 7.22838
9.67074 1.24037 7.42896 7.36224
9.95484 1.22259 7.70631 7.53667
9.82627 1.24222 7.69866 7.41137
9.78625 1.49 7.84257 7.42597
11.041 2.30817 8.9896 7.98358
9.71808 1.17011 7.76146 7.24561
9.56107 1.23029 7.63689 6.98291
9.57649 1.10706 7.51113 6.85031
9.37816 1.1749 7.18349 7.34856
9.43486 1.134 7.44715 7.23035
9.63452 1.18219 7.39111 7.00851
