818 -0.355127 -0.934818 -0.001502 -0.999999 
810 0.757251 -0.653124 0.014671 -0.999892 
824 0.724558 -0.689214 0.634047 0.773295 
816 0.997944 0.064088 0.077195 -0.997016 
805 0.854199 -0.519947 0.050132 0.998743 
773 -0.657012 -0.753880 0.074141 0.997248 
794 0.756524 -0.653965 -0.002019 -0.999998 
775 -0.345205 -0.938527 0.041122 0.999154 
793 0.650454 -0.759545 0.041003 0.999159 
796 -0.437674 -0.899134 0.044316 0.999018 
770 0.757194 -0.653190 -0.000881 -1.000000 
820 0.757371 -0.652985 -0.000970 -1.000000 
792 0.755482 -0.655169 -0.000829 -1.000000 
762 0.756994 -0.653421 -0.000931 -1.000000 
795 0.757167 -0.653222 -0.000777 -1.000000 
701 0.076151 -0.997096 0.004226 -0.999991 
768 0.757074 -0.653329 -0.001599 -0.999999 
781 0.757366 -0.652991 0.002762 -0.999996 
789 0.757181 -0.653206 -0.001595 -0.999999 
821 0.757313 -0.653052 0.006671 -0.999978 
764 0.757244 -0.653132 0.071320 -0.997453 
751 -0.630246 -0.776396 -0.003045 -0.999995 
822 0.757015 -0.653397 0.000399 -1.000000 
772 0.756992 -0.653424 -0.000308 -1.000000 
812 0.757371 -0.652985 -0.001979 -0.999998 
771 0.757210 -0.653172 -0.000938 -1.000000 
780 0.641937 -0.766758 0.170636 -0.985334 
782 0.544988 -0.838444 -0.001414 -0.999999 
761 0.949601 0.313461 0.024530 -0.999699 
746 -0.653262 -0.757132 0.003900 -0.999992 
737 -0.653195 -0.757190 0.079528 0.996833 
774 -0.878853 0.477092 0.038475 0.999260 
808 0.186704 -0.982416 0.044583 0.999006 
787 0.273517 -0.961867 0.189135 -0.981951 
806 0.928940 0.370230 0.101903 -0.994794 
754 -0.652071 -0.758158 0.015641 -0.999878 
700 -0.653147 -0.757231 0.040545 0.999178 
778 0.988964 -0.148159 0.000503 -1.000000 
756 -0.653169 -0.757212 0.090150 0.995928 
749 -0.653083 -0.757286 0.008039 -0.999968 
753 0.201653 0.979457 0.011634 -0.999932 
757 -0.653303 -0.757097 0.045031 0.998986 
739 -0.653382 -0.757029 0.043093 0.999071 
779 -0.987382 -0.158354 0.000055 -1.000000 
692 -0.653165 -0.757216 0.010697 -0.999943 
740 -0.653036 -0.757327 0.041311 0.999146 
726 -0.653176 -0.757206 0.049780 0.998760 
741 -0.653249 -0.757143 0.042731 0.999087 
694 -0.652862 -0.757477 -0.002163 -0.999998 
743 -0.653173 -0.757208 0.038058 0.999276 
744 -0.653018 -0.757343 0.006604 -0.999978 
755 -0.522373 -0.852717 -0.000137 -1.000000 
689 -0.653201 -0.757184 0.037708 0.999289 
607 -0.652993 -0.757364 0.039688 0.999212 
697 -0.646862 -0.762607 0.002545 -0.999997 
651 -0.653197 -0.757188 0.036076 0.999349 
412 0.653263 0.757131 -0.001739 -0.999999 
415 0.653207 0.757179 0.049125 0.998793 
490 0.997034 0.076966 -0.002934 -0.999996 
514 0.757363 -0.652994 -0.000742 -1.000000 
509 0.762007 -0.647569 0.000035 -1.000000 
515 0.757387 -0.652966 0.004141 -0.999991 
477 0.653269 0.757126 -0.001750 -0.999998 
448 0.653300 0.757099 -0.001212 -0.999999 
537 0.757586 -0.652735 -0.001065 -0.999999 
479 0.653269 0.757126 -0.001520 -0.999999 
360 0.653255 0.757138 -0.001416 -0.999999 
443 0.653372 0.757037 -0.002457 -0.999997 
363 0.653191 0.757193 0.037411 0.999300 
698 0.757326 -0.653037 0.005897 -0.999983 
696 0.757162 -0.653228 -0.000600 -1.000000 
656 0.757223 -0.653156 0.010223 -0.999948 
709 0.757167 -0.653222 0.003228 -0.999995 
699 0.757172 -0.653215 0.002687 -0.999996 
695 0.757300 -0.653067 -0.000356 -1.000000 
713 0.757154 -0.653237 -0.000497 -1.000000 
666 0.757204 -0.653178 0.001321 -0.999999 
707 0.757545 -0.652783 -0.000724 -1.000000 
621 0.757229 -0.653149 0.087866 0.996132 
648 0.757388 -0.652965 0.011158 -0.999938 
594 0.757215 -0.653166 0.010980 -0.999940 
609 0.075298 -0.997161 0.132453 0.991189 
613 0.757295 -0.653073 0.008514 -0.999964 
678 0.757215 -0.653166 0.009519 -0.999955 
716 -0.653092 -0.757279 0.083731 0.996488 
734 0.757207 -0.653175 -0.002279 -0.999997 
647 0.757205 -0.653177 0.006314 -0.999980 
693 0.757283 -0.653087 0.000536 -1.000000 
706 0.757343 -0.653017 0.001731 -0.999999 
670 0.757350 -0.653010 0.022934 -0.999737 
664 0.757291 -0.653078 0.005424 -0.999985 
674 0.757127 -0.653267 -0.000286 -1.000000 
649 -0.653128 -0.757248 0.040002 0.999200 
715 -0.652992 -0.757365 0.038511 0.999258 
627 0.757523 -0.652809 -0.002289 -0.999997 
546 0.653171 0.757210 0.042130 0.999112 
544 0.653091 0.757279 0.037583 0.999294 
584 0.653179 0.757204 0.036165 0.999346 
531 0.653191 0.757193 0.036568 0.999331 
538 0.653048 0.757317 0.035859 0.999357 
494 0.653134 0.757242 0.037456 0.999298 
571 0.660847 0.750521 0.974225 0.225580 
576 0.667011 0.745047 0.114270 0.993450 
497 0.651810 0.758383 0.048178 0.998839 
561 0.652932 0.757417 0.035798 0.999359 
503 -0.735534 0.677488 0.034846 0.999393 
575 -0.676683 -0.736275 0.323558 0.946208 
422 -0.757329 0.653033 0.006138 -0.999981 
421 -0.757288 0.653082 0.035240 -0.999379 
423 -0.757352 0.653007 0.038103 -0.999274 
371 -0.757118 0.653278 0.001295 -0.999999 
450 -0.757241 0.653136 0.126029 -0.992027 
365 -0.757312 0.653053 0.004400 -0.999990 
436 -0.757253 0.653121 0.860664 0.509173 
424 -0.757187 0.653198 -0.001409 -0.999999 
418 -0.757318 0.653046 0.017165 -0.999853 
463 -0.757226 0.653153 0.423564 -0.905866 
447 -0.757127 0.653267 0.015965 -0.999873 
434 -0.757193 0.653191 0.911295 -0.411753 
431 -0.757284 0.653086 0.023455 -0.999725 
396 -0.757300 0.653067 0.022269 -0.999752 
462 -0.757297 0.653070 0.048989 0.998799 
355 -0.757291 0.653077 0.040554 0.999177 
625 0.922441 0.386138 0.055623 0.998452 
626 -0.535020 -0.844840 0.035642 0.999365 
637 0.723816 0.689993 0.066172 0.997808 
619 -0.995257 -0.097281 0.004793 -0.999988 
677 -0.653203 -0.757183 0.057724 -0.998333 
659 0.099504 0.995037 0.000512 -1.000000 
567 0.653091 0.757280 0.036185 0.999345 
641 0.201395 -0.979510 0.077904 0.996961 
614 -0.577669 0.816271 0.688620 0.725122 
495 0.653135 0.757241 0.035232 0.999379 
585 0.697219 0.716859 0.362785 -0.931873 
354 -0.757466 0.652875 0.035075 0.999385 
312 -0.757264 0.653109 0.037343 0.999303 
413 -0.757299 0.653068 0.035623 0.999365 
281 -0.757190 0.653195 0.034667 0.999399 
351 -0.757267 0.653106 0.035309 0.999376 
310 -0.757054 0.653352 0.039524 0.999219 
357 -0.757215 0.653165 0.039950 0.999202 
408 -0.757279 0.653092 0.035754 0.999361 
356 -0.757304 0.653062 0.036021 0.999351 
409 -0.757375 0.652981 0.035607 0.999366 
440 -0.757242 0.653134 0.035702 0.999362 
416 -0.757199 0.653185 0.039405 0.999223 
283 -0.757257 0.653117 0.037053 0.999313 
311 -0.757328 0.653035 0.035738 0.999361 
309 -0.757305 0.653062 0.036290 0.999341 
278 -0.765754 0.643133 0.035513 0.999369 
502 0.768570 -0.639765 -0.000723 -1.000000 
580 0.757130 -0.653264 0.046541 0.998916 
478 0.653335 0.757069 0.006334 -0.999980 
510 0.757398 -0.652954 0.035710 -0.999362 
551 0.757215 -0.653165 -0.001255 -0.999999 
507 0.757421 -0.652927 -0.003920 -0.999992 
572 -0.652051 -0.758175 0.040624 -0.999175 
553 0.757230 -0.653149 0.002247 -0.999997 
449 0.653693 0.756760 -0.000178 -1.000000 
158 -0.397112 -0.917770 -0.000889 -1.000000 
156 -0.729647 -0.683824 0.116173 -0.993229 
157 -0.527363 0.849640 0.015200 -0.999884 
191 -0.672249 0.740325 0.066472 -0.997788 
100 -0.819232 -0.573462 0.030797 -0.999526 
705 0.757107 -0.653291 0.003249 -0.999995 
618 -0.652513 -0.757778 0.003448 -0.999994 
667 -0.653094 -0.757277 0.043538 0.999052 
606 -0.646723 -0.762725 0.007883 -0.999969 
595 0.757259 -0.653114 -0.001125 -0.999999 
752 0.757357 -0.653002 -0.000004 -1.000000 
788 0.757096 -0.653303 0.000333 -1.000000 
809 0.757205 -0.653177 -0.001973 -0.999998 
370 -0.757317 0.653048 -0.000169 -1.000000 
428 0.948683 -0.316228 0.038895 -0.999243 
441 -0.995767 0.091917 0.382796 0.923833 
430 0.139790 -0.990181 0.086614 -0.996242 
435 0.633579 0.773678 0.038594 0.999255 
379 0.976744 0.214407 0.051996 -0.998647 
470 0.670707 0.741723 0.089267 0.996008 
454 -0.294086 -0.955779 0.056690 -0.998392 
675 -0.652935 -0.757414 0.094320 0.995542 
679 0.190870 -0.981615 0.006897 -0.999976 
337 0.663688 0.748009 0.012725 -0.999919 
323 0.653130 0.757246 0.117868 0.993029 
328 0.398285 0.917262 0.061267 0.998121 
325 0.986912 0.161260 0.390537 0.920587 
322 0.653105 0.757267 0.046118 0.998936 
266 0.975244 0.221131 0.080415 0.996761 
295 0.653110 0.757263 0.038141 0.999272 
304 0.653250 0.757143 0.047598 0.998867 
419 0.653160 0.757220 -0.002425 -0.999997 
406 0.653140 0.757237 -0.002017 -0.999998 
411 0.653198 0.757187 -0.001529 -0.999999 
290 0.653304 0.757095 0.036433 0.999336 
252 0.653101 0.757271 0.035975 0.999353 
302 0.653112 0.757261 0.037737 0.999288 
292 0.652838 0.757498 0.037847 0.999284 
192 0.653119 0.757255 0.041551 0.999136 
383 0.652770 0.757556 0.065645 0.997843 
293 0.653042 0.757322 0.039107 0.999235 
364 0.653002 0.757356 0.027800 -0.999614 
464 -0.975133 0.221621 0.044912 -0.998991 
481 -0.773172 0.634197 0.353341 -0.935495 
446 -0.757107 0.653291 -0.001555 -0.999999 
467 -0.766503 0.642241 0.002479 -0.999997 
524 -0.803557 -0.595228 0.463314 0.886194 
766 0.757192 -0.653193 0.004089 -0.999992 
798 0.757230 -0.653148 -0.002523 -0.999997 
475 0.648224 0.761450 0.036035 0.999351 
791 -0.121541 0.992586 0.040818 0.999167 
814 -0.839210 -0.543808 0.040165 -0.999193 
474 0.653143 0.757235 -0.002615 -0.999997 
730 0.623260 -0.782015 0.013474 -0.999909 
732 -0.652849 -0.757488 0.046337 -0.998926 
731 0.333693 0.942682 -0.001322 -0.999999 
767 0.996014 -0.089195 -0.000214 -1.000000 
710 -0.652889 -0.757454 0.016431 -0.999865 
760 -0.283628 -0.958934 0.026764 -0.999642 
736 -0.653269 -0.757126 0.015109 -0.999886 
729 0.078191 -0.996938 0.002765 -0.999996 
714 -0.653019 -0.757342 0.044008 -0.999031 
717 -0.653153 -0.757226 0.571497 -0.820604 
724 -0.316228 -0.948683 0.009712 -0.999953 
712 -0.628565 -0.777757 0.007924 -0.999969 
804 0.757242 -0.653134 -0.000346 -1.000000 
783 0.757310 -0.653056 0.000528 -1.000000 
790 0.757235 -0.653142 0.003104 -0.999995 
642 0.757438 -0.652907 -0.000225 -1.000000 
592 -0.653229 -0.757160 0.061233 0.998124 
598 -0.652830 -0.757504 0.049619 0.998768 
568 -0.653849 -0.756625 0.051713 0.998662 
593 -0.652902 -0.757443 0.044077 0.999028 
511 -0.483686 -0.875242 0.002090 -0.999998 
615 -0.653212 -0.757175 0.050593 0.998719 
819 0.757206 -0.653177 0.000496 -1.000000 
811 0.757270 -0.653102 -0.719507 -0.694485 
833 0.770799 -0.637078 -0.327777 -0.944755 
802 -0.868243 -0.496139 -0.001515 -0.999999 
786 0.962013 -0.273004 -0.000289 -1.000000 
765 0.999179 -0.040507 -0.000123 -1.000000 
750 -0.931708 0.363208 -0.001071 -0.999999 
763 -0.393919 -0.919145 -0.000225 -1.000000 
797 -0.938343 0.345705 -0.001204 -0.999999 
828 0.987323 0.158725 0.163333 -0.986571 
683 0.891436 0.453147 -0.001174 -0.999999 
748 0.133133 0.991098 0.040808 -0.999167 
817 0.145114 0.989415 0.041639 -0.999133 
723 -0.938096 0.346374 0.042716 -0.999087 
254 0.653233 0.757157 0.038138 0.999272 
222 0.653322 0.757080 0.038021 0.999277 
233 0.653292 0.757106 0.036026 0.999351 
224 -0.727589 -0.686013 0.036256 0.999343 
225 0.480833 0.876812 0.035874 0.999356 
215 -0.757310 0.653056 0.035451 0.999371 
217 -0.972710 -0.232023 0.817422 0.576039 
177 0.135980 0.990712 0.037641 0.999291 
228 -0.757147 0.653244 0.036238 0.999343 
218 0.731278 0.682079 0.036590 0.999330 
179 0.447214 -0.894427 0.037293 0.999304 
248 -0.950092 -0.311970 0.109686 0.993966 
596 0.757226 -0.653153 -0.000998 -1.000000 
628 0.757186 -0.653199 -0.000383 -1.000000 
569 0.757137 -0.653256 -0.001224 -0.999999 
645 0.757173 -0.653214 0.000192 -1.000000 
612 0.757182 -0.653204 0.011977 -0.999928 
549 0.757381 -0.652973 -0.003114 -0.999995 
579 0.757177 -0.653210 -0.001073 -0.999999 
548 0.757173 -0.653214 0.001468 -0.999999 
570 0.757366 -0.652991 -0.000710 -1.000000 
547 0.757234 -0.653144 0.002668 -0.999996 
599 0.757247 -0.653129 0.000279 -1.000000 
552 0.757341 -0.653019 0.037527 -0.999296 
653 -0.653043 -0.757321 -0.000462 -1.000000 
634 -0.653066 -0.757301 0.126405 0.991979 
635 -0.653111 -0.757262 0.035684 0.999363 
631 -0.653346 -0.757060 0.036624 0.999329 
643 -0.653190 -0.757194 0.037832 0.999284 
676 -0.653045 -0.757319 0.040597 0.999176 
652 -0.653059 -0.757307 0.002939 -0.999996 
591 -0.653765 -0.756698 0.035848 0.999357 
602 -0.653238 -0.757152 0.035992 0.999352 
720 -0.653034 -0.757328 0.044077 0.999028 
630 -0.653047 -0.757318 0.036803 0.999323 
597 0.757572 -0.652752 -0.001261 -0.999999 
829 0.229551 -0.973297 0.003584 -0.999994 
632 -0.653039 -0.757324 0.135161 0.990824 
366 0.653075 0.757293 0.037796 0.999285 
367 0.653087 0.757283 -0.000513 -1.000000 
646 -0.653284 -0.757113 0.036186 0.999345 
629 -0.653250 -0.757142 0.036723 0.999325 
611 -0.653098 -0.757274 0.035823 0.999358 
685 -0.653169 -0.757212 0.035911 0.999355 
291 0.653039 0.757324 0.038747 0.999249 
261 0.653237 0.757154 0.034773 0.999395 
673 0.872506 -0.488603 0.002999 -0.999996 
745 -0.653161 -0.757219 0.038325 0.999265 
439 0.092623 0.995701 0.188840 -0.982008 
426 -0.478852 0.877896 0.276951 -0.960884 
341 -0.242536 -0.970142 0.021757 -0.999763 
384 0.947001 -0.321230 0.016007 -0.999872 
473 0.653200 0.757185 0.075097 0.997176 
403 -0.785394 0.618997 0.981180 0.193093 
639 -0.017239 -0.999851 0.007279 -0.999974 
686 0.524097 0.851658 0.085276 -0.996357 
680 0.431028 0.902339 0.021124 -0.999777 
687 0.561158 -0.827709 0.040346 -0.999186 
671 -0.653139 -0.757238 0.092541 0.995709 
711 0.506594 0.862185 0.024682 -0.999695 
622 0.404506 -0.914535 0.007341 -0.999973 
269 -0.757265 0.653108 0.035885 0.999356 
227 -0.757191 0.653194 0.036151 0.999346 
286 -0.757334 0.653028 0.036469 0.999335 
229 -0.982006 -0.188847 0.002030 -0.999998 
260 -0.670445 0.741959 0.005342 -0.999986 
200 -0.263460 0.964670 0.001352 -0.999999 
199 0.998494 -0.054862 -0.000971 -1.000000 
216 -0.959366 0.282166 0.008635 -0.999963 
314 -0.400266 -0.916399 0.029647 -0.999560 
250 -0.369460 0.929247 0.008557 -0.999963 
332 0.858622 0.512610 0.003160 -0.999995 
315 0.518302 -0.855198 0.120576 -0.992704 
326 -0.816271 0.577669 0.013364 -0.999911 
324 -0.205215 0.978717 0.016235 -0.999868 
316 0.420837 0.907136 0.019308 -0.999814 
305 0.800897 0.598802 0.062118 -0.998069 
347 -0.757217 0.653163 0.036629 0.999329 
343 -0.757346 0.653014 0.049849 0.998757 
400 -0.757184 0.653202 0.035789 0.999359 
348 -0.757114 0.653282 0.048446 0.998826 
342 -0.757245 0.653131 0.042826 0.999083 
274 -0.699929 0.714213 0.036367 0.999339 
420 -0.757266 0.653106 0.036577 0.999331 
397 0.638901 0.769289 0.082315 0.996606 
353 -0.757322 0.653041 0.045662 0.998957 
352 -0.757319 0.653045 0.037610 0.999292 
380 0.085250 0.996360 0.230821 0.972996 
382 0.653033 0.757329 0.327895 0.944714 
414 0.653035 0.757328 0.010934 -0.999940 
456 -0.756859 0.653578 0.035273 0.999378 
489 -0.757317 0.653048 0.036198 0.999345 
451 -0.757012 0.653401 0.036048 0.999350 
458 -0.757689 0.652616 0.117595 0.993062 
457 -0.757359 0.652999 0.044228 0.999021 
461 -0.757282 0.653088 0.037938 0.999280 
442 -0.757338 0.653023 0.036178 0.999345 
807 -0.798041 0.602603 0.056022 -0.998430 
769 -0.767424 -0.641139 0.043708 0.999044 
813 0.433560 0.901125 0.025308 -0.999680 
799 0.795204 0.606343 0.011555 -0.999933 
534 0.409590 0.912270 0.048250 0.998835 
532 -0.738837 0.673884 0.131446 -0.991323 
472 -0.868639 -0.495446 0.039698 0.999212 
522 0.967997 0.250962 0.059866 0.998206 
577 0.094809 -0.995495 0.057203 0.998363 
496 0.090776 0.995871 0.067104 0.997746 
505 0.653152 0.757226 0.036043 0.999350 
499 0.653193 0.757191 0.038795 0.999247 
519 0.379353 0.925252 0.004880 -0.999988 
493 0.316228 0.948683 0.330478 -0.943814 
527 -0.912113 0.409938 0.075538 -0.997143 
306 -0.880471 0.474100 0.163184 -0.986596 
308 -0.757240 0.653137 0.036772 -0.999324 
298 0.675725 0.737154 0.069847 -0.997558 
282 -0.078497 0.996914 0.328008 -0.944675 
349 -0.757208 0.653174 0.062031 0.998074 
372 -0.757345 0.653015 0.004031 -0.999992 
287 -0.454777 0.890605 0.048421 0.998827 
672 -0.653012 -0.757347 0.042272 0.999106 
270 -0.757155 0.653235 0.036334 0.999340 
263 -0.757286 0.653083 0.035782 0.999360 
358 -0.757108 0.653289 0.013853 -0.999904 
284 -0.757312 0.653054 0.040268 0.999189 
271 -0.757204 0.653178 -0.732850 -0.680391 
210 -0.757321 0.653043 0.036418 0.999337 
196 -0.757280 0.653090 0.036231 0.999343 
212 -0.757227 0.653152 0.041237 0.999149 
231 -0.757262 0.653111 0.036626 0.999329 
207 -0.757108 0.653289 0.035680 0.999363 
206 -0.757237 0.653141 0.038783 0.999248 
530 -0.971211 0.238222 0.290186 0.956970 
558 -0.601374 -0.798968 0.124508 0.992219 
533 -0.183862 0.982952 0.035505 0.999370 
526 0.991228 -0.132164 0.590176 0.807275 
240 0.328521 0.944497 0.057724 0.998333 
259 -0.646885 -0.762588 0.036164 0.999346 
279 -0.520607 -0.853796 0.056322 0.998413 
241 -0.756555 0.653930 0.035139 0.999382 
255 0.634493 0.772928 0.037326 0.999303 
242 -0.757288 0.653081 0.035871 0.999356 
300 -0.648466 -0.761243 0.038057 0.999276 
108 -0.999005 -0.044598 0.405528 -0.914083 
110 0.999133 -0.041631 0.087727 0.996145 
96 -0.154968 -0.987920 0.613187 -0.789938 
93 -0.998274 -0.058722 0.252534 -0.967588 
61 0.430473 -0.902604 0.977021 -0.213145 
105 -0.981148 0.193256 0.453334 -0.891341 
58 0.790478 -0.612490 0.114328 -0.993443 
63 0.813733 0.581238 0.469732 0.882809 
111 0.631673 -0.775235 0.216092 0.976373 
64 0.995655 -0.093119 0.314788 0.949162 
146 -0.690508 0.723324 0.036640 0.999328 
145 0.427561 -0.903986 0.728505 0.685040 
147 0.333985 0.942578 0.053201 0.998584 
83 -0.371391 0.928477 0.474088 -0.880477 
113 -0.773957 -0.633238 0.155356 0.987859 
7 -0.192745 0.981249 0.292047 -0.956404 
368 0.653082 0.757287 0.053201 0.998584 
389 0.653173 0.757209 0.152045 0.988374 
391 0.653083 0.757286 -0.002546 -0.999997 
398 0.817806 0.575493 -0.001261 -0.999999 
425 -0.757259 0.653115 0.039256 0.999229 
512 -0.758521 0.651649 0.039287 0.999228 
387 -0.757447 0.652896 0.039403 0.999223 
437 -0.757207 0.653175 0.270398 0.962749 
517 -0.757055 0.653351 0.063693 0.997970 
506 -0.840059 0.542496 0.035435 0.999372 
518 -0.757401 0.652950 0.035945 0.999354 
525 -0.803079 0.595872 0.040309 0.999187 
554 -0.990384 -0.138347 0.035974 0.999353 
288 0.653152 0.757227 0.036556 0.999332 
244 0.653331 0.757073 0.038257 0.999268 
253 0.653207 0.757179 0.037645 0.999291 
188 0.653195 0.757190 0.035773 0.999360 
236 0.653270 0.757125 0.035451 0.999371 
307 -0.757181 0.653205 0.038061 0.999275 
377 -0.757300 0.653067 0.037873 0.999283 
399 -0.757138 0.653255 0.035887 0.999356 
417 -0.756814 0.653630 0.036615 0.999329 
299 -0.532172 0.846636 0.036868 0.999320 
99 0.925705 -0.378245 0.580975 0.813921 
148 0.942103 -0.335325 0.099227 0.995065 
31 0.699118 -0.715007 0.166976 -0.985961 
104 -0.301131 -0.953583 0.045859 -0.998948 
62 -0.264157 0.964480 0.103155 -0.994665 
166 -0.757211 0.653170 0.055012 0.998486 
140 -0.383157 -0.923683 0.056966 0.998376 
59 -0.929627 -0.368501 0.094487 -0.995526 
138 0.600000 -0.800000 0.206987 -0.978344 
102 -0.919508 0.393072 0.072503 -0.997368 
12 0.974859 -0.222825 0.116217 -0.993224 
75 0.970142 0.242536 0.371144 -0.928575 
194 -0.757107 0.653290 0.036251 0.999343 
169 -0.973297 0.229551 0.050953 0.998701 
168 -0.757158 0.653232 0.068951 0.997620 
589 -0.653209 -0.757178 0.036354 0.999339 
573 -0.653099 -0.757273 0.057514 0.998345 
574 -0.638687 -0.769467 0.038897 0.999243 
590 -0.652969 -0.757385 0.035882 0.999356 
173 -0.757262 0.653111 0.036826 0.999322 
176 -0.077437 -0.996997 0.037097 0.999312 
301 0.653087 0.757283 0.058779 0.998271 
208 0.653121 0.757253 0.035758 0.999361 
209 0.653120 0.757254 0.035971 0.999353 
214 0.653158 0.757221 0.035330 0.999376 
155 0.653119 0.757255 0.036764 0.999324 
513 0.757475 -0.652864 -0.000277 -1.000000 
405 0.653072 0.757296 -0.000290 -1.000000 
536 0.942208 -0.335028 0.131097 -0.991370 
237 0.480315 0.877096 0.013847 -0.999904 
438 -0.075459 0.997149 0.035663 0.999364 
459 -0.757087 0.653314 0.036829 0.999322 
410 -0.756840 0.653601 0.036849 0.999321 
407 -0.757201 0.653182 0.037140 0.999310 
114 0.049121 0.998793 0.082637 0.996580 
219 0.729537 0.683941 0.036466 0.999335 
150 -0.511075 0.859536 0.037418 0.999300 
390 -0.757150 0.653241 0.001391 -0.999999 
393 -0.311432 0.950268 0.006223 -0.999981 
394 -0.757366 0.652991 0.022672 -0.999743 
333 -0.757212 0.653169 0.004226 -0.999991 
362 -0.757105 0.653293 0.001501 -0.999999 
369 -0.387415 0.921905 -0.000022 -1.000000 
321 -0.762187 0.647357 0.074890 -0.997192 
334 -0.730110 0.683330 0.035865 -0.999357 
392 0.724230 0.689559 -0.002609 -0.999997 
98 -0.972983 0.230877 0.080590 -0.996747 
101 0.502527 -0.864562 0.075080 -0.997177 
134 -0.392877 0.919591 0.132163 0.991228 
135 0.435561 0.900159 0.534670 -0.845061 
55 0.630830 -0.775921 0.131025 -0.991379 
132 0.500074 -0.865982 0.048502 -0.998823 
136 0.980993 0.194043 0.300548 -0.953767 
133 -0.554700 -0.832050 0.072423 -0.997374 
34 0.063869 0.997958 0.169406 -0.985546 
70 -0.815275 -0.579074 0.105268 -0.994444 
603 -0.653212 -0.757175 0.421468 -0.906843 
69 -0.179470 -0.983763 0.146362 0.989231 
74 -0.865954 0.500123 0.064709 0.997904 
5 0.973417 -0.229039 0.803229 0.595671 
67 0.928477 -0.371391 0.602538 -0.798090 
116 -0.196116 0.980581 0.122708 0.992443 
66 -0.714073 -0.700071 0.118690 0.992931 
149 0.894427 0.447214 0.100160 0.994971 
555 -0.687321 -0.726354 0.035928 0.999354 
563 0.372066 0.928206 0.041902 0.999122 
668 -0.653300 -0.757099 0.036085 0.999349 
718 -0.653037 -0.757326 0.039856 0.999205 
654 -0.653312 -0.757089 0.042739 0.999086 
633 -0.652982 -0.757373 0.141007 0.990009 
566 -0.277540 -0.960714 0.018995 -0.999820 
565 0.987299 -0.158876 0.249354 -0.968412 
539 0.675725 0.737154 0.186158 0.982520 
581 0.183906 -0.982944 0.125220 0.992129 
245 0.703189 0.711003 0.038100 0.999274 
221 0.653280 0.757117 0.038349 0.999264 
296 -0.607040 0.794671 0.040253 0.999189 
276 0.454187 0.890906 0.086438 0.996257 
246 -0.914152 0.405371 0.092371 0.995725 
243 -0.149805 0.988716 0.047923 0.998851 
220 0.653023 0.757338 0.038670 0.999252 
265 -0.757436 0.652909 0.098625 0.995125 
193 0.653189 0.757195 0.036632 0.999329 
178 0.653234 0.757156 0.036955 0.999317 
195 0.653160 0.757220 0.037005 0.999315 
482 0.653124 0.757251 -0.000967 -1.000000 
559 -0.653271 -0.757124 0.056829 0.998384 
562 -0.762886 -0.646533 0.125005 0.992156 
610 -0.653072 -0.757296 0.084375 0.996434 
601 -0.653109 -0.757264 0.131326 0.991339 
600 -0.652994 -0.757363 0.395421 -0.918500 
564 -0.653379 -0.757031 0.035717 0.999362 
605 -0.653275 -0.757121 0.039207 0.999231 
401 -0.757188 0.653197 0.994186 -0.107680 
402 0.909370 0.415988 0.038759 0.999249 
186 0.126873 -0.991919 0.095839 0.995397 
151 0.774865 0.632127 0.178869 0.983873 
204 -0.940315 0.340305 0.394666 -0.918825 
203 -0.757110 0.653288 0.119597 0.992823 
187 -0.266756 -0.963764 0.095287 -0.995450 
112 -0.962309 0.271957 0.211819 -0.977309 
198 -0.138648 0.990342 0.114942 0.993372 
238 -0.973841 0.227230 0.051081 0.998694 
159 0.999929 0.011904 0.075122 -0.997174 
81 -0.157991 0.987441 0.075179 -0.997170 
118 0.866262 0.499590 0.009874 -0.999951 
175 -0.744569 0.667545 0.063236 0.997999 
167 -0.866906 0.498471 0.090061 0.995936 
460 0.631152 0.775659 0.628319 0.777956 
776 -0.709583 -0.704621 0.087514 -0.996163 
784 -0.992685 -0.120732 0.860722 -0.509075 
785 0.401661 0.915788 0.037218 -0.999307 
777 -0.999967 0.008130 0.079303 -0.996851 
742 -0.653324 -0.757078 0.662301 0.749238 
747 -0.653204 -0.757182 0.038420 0.999262 
335 -0.395624 -0.918413 0.005049 -0.999987 
345 0.554700 -0.832050 0.037944 -0.999280 
373 0.164399 0.986394 0.106700 -0.994291 
378 -0.832050 -0.554700 0.051695 -0.998663 
340 -0.966874 0.255255 0.006935 -0.999976 
294 -0.923592 0.383378 0.049297 -0.998784 
120 -0.181547 0.983382 -0.000617 -1.000000 
164 -0.985540 -0.169444 -0.001097 -0.999999 
94 0.215842 -0.976428 0.553346 -0.832952 
17 0.899235 -0.437466 0.079113 -0.996866 
815 -0.230990 -0.972956 0.107764 -0.994177 
508 -0.022502 -0.999747 0.042735 0.999086 
487 0.653182 0.757201 -0.001906 -0.999998 
444 0.652532 0.757761 -0.001909 -0.999998 
465 0.649053 0.760743 0.001796 -0.999998 
486 0.653403 0.757010 0.099809 0.995007 
429 0.421664 0.906752 -0.001891 -0.999998 
232 -0.757250 0.653126 0.039012 0.999239 
170 0.999635 -0.027017 0.100243 0.994963 
223 0.436904 0.899508 0.042836 0.999082 
604 0.863082 0.505063 0.939784 0.341768 
90 0.650674 0.759358 0.035910 0.999355 
129 0.653072 0.757296 0.035963 0.999353 
46 -0.749329 -0.662198 0.109924 0.993940 
88 0.653042 0.757321 0.035360 0.999375 
77 0.413168 0.910655 0.037089 0.999312 
127 0.653230 0.757159 0.038256 0.999268 
190 0.653351 0.757055 0.036065 0.999349 
162 0.582010 0.813182 0.108127 0.994137 
1 0.653413 0.757002 0.035546 0.999368 
45 -0.741085 -0.671411 0.042781 0.999084 
608 -0.995387 0.095941 0.001473 -0.999999 
661 -0.478852 0.877896 0.038620 -0.999254 
655 -0.380750 0.924678 0.152930 -0.988237 
582 0.185261 -0.982689 0.011374 -0.999935 
638 -0.649119 0.760687 0.023718 -0.999719 
616 0.978550 -0.206010 0.089786 -0.995961 
617 -0.580418 0.814318 0.036149 -0.999346 
620 0.945373 -0.325991 0.002387 -0.999997 
640 0.999976 0.006896 0.000603 -1.000000 
624 -0.956532 -0.291626 0.020945 -0.999781 
583 0.865898 -0.500220 0.060126 0.998191 
542 -0.757474 0.652865 0.046300 0.998928 
541 -0.757211 0.653170 0.038899 0.999243 
181 -0.507020 0.861934 0.000991 -1.000000 
160 0.966705 -0.255893 -0.001013 -0.999999 
161 0.879087 0.476661 -0.000909 -1.000000 
234 0.772425 -0.635105 0.016542 -0.999863 
130 -0.316228 0.948683 0.000340 -1.000000 
395 -0.757013 0.653400 0.023587 -0.999722 
433 0.652090 0.758142 0.036963 0.999317 
476 0.653253 0.757140 0.036703 0.999326 
823 0.757210 -0.653172 -0.001214 -0.999999 
738 -0.653095 -0.757276 0.033611 -0.999435 
330 -0.177964 0.984037 0.521717 -0.853119 
319 -0.757354 0.653005 0.062157 -0.998066 
273 0.192414 0.981314 0.112240 0.993681 
644 0.756906 -0.653524 -0.001197 -0.999999 
669 -0.653121 -0.757254 0.085800 0.996312 
285 -0.757330 0.653033 0.400370 -0.916353 
280 -0.757449 0.652894 0.043858 0.999038 
289 -0.757323 0.653040 0.146832 0.989161 
313 -0.757304 0.653063 0.004051 -0.999992 
303 -0.757218 0.653162 0.238958 0.971030 
297 -0.757280 0.653091 0.133418 0.991060 
427 -0.544801 0.838566 0.000442 -1.000000 
453 -0.859593 -0.510980 -0.001098 -0.999999 
432 -0.739940 -0.672673 0.027771 -0.999614 
264 -0.757374 0.652982 0.035251 0.999379 
205 -0.757323 0.653040 0.036314 0.999340 
239 0.987635 -0.156768 0.167405 0.985888 
277 0.836048 -0.548656 0.042449 0.999099 
257 0.990932 -0.134364 0.517576 -0.855637 
543 0.876383 -0.481616 0.048095 0.998843 
500 -1.000000 -0.000000 0.336942 0.941525 
491 -0.889136 -0.457643 0.138394 -0.990377 
480 -0.996815 -0.079745 0.339110 -0.940747 
483 -0.675725 -0.737154 0.323165 -0.946343 
468 -0.111968 0.993712 0.084126 -0.996455 
455 -0.588172 -0.808736 0.015679 -0.999877 
560 -0.681605 -0.731720 0.036246 0.999343 
336 -0.757205 0.653177 0.004664 -0.999989 
588 0.272322 -0.962206 0.014710 -0.999892 
636 0.220617 -0.975361 0.012913 -0.999917 
587 -0.100751 -0.994912 0.019590 -0.999808 
665 0.800482 0.599356 0.969197 0.246286 
623 0.190022 -0.981780 0.011987 -0.999928 
662 -0.943858 -0.330350 0.005969 -0.999982 
153 0.653177 0.757205 0.036903 0.999319 
122 -0.269630 -0.962964 0.048910 0.998803 
119 0.653008 0.757351 0.064840 0.997896 
141 -0.639747 0.768585 0.050421 0.998728 
154 0.833712 0.552199 0.046062 0.998939 
121 0.350289 0.936642 0.046322 0.998927 
29 -0.970142 0.242536 0.039745 0.999210 
165 0.648056 0.761593 0.037332 0.999303 
182 0.653007 0.757352 0.036586 0.999331 
189 0.653059 0.757307 0.036806 0.999322 
197 0.653010 0.757349 0.047458 0.998873 
704 -0.976187 -0.216930 0.007791 -0.999970 
727 0.932361 -0.361528 0.997862 -0.065353 
801 0.094809 0.995495 0.065127 -0.997877 
682 -0.810380 0.585904 0.181959 -0.983306 
721 0.104685 0.994505 -0.502185 -0.864760 
758 0.702755 0.711432 0.764985 -0.644048 
115 0.653165 0.757215 0.035239 0.999379 
469 0.983060 0.183282 0.504214 -0.863579 
471 -0.304776 0.952424 0.226564 -0.973996 
504 -0.437969 0.898990 0.009174 -0.999958 
375 -0.307292 0.951615 0.133841 -0.991003 
36 0.765362 0.643600 0.131561 -0.991308 
11 -0.934488 0.355995 -0.965718 0.259594 
41 0.324813 0.945778 0.115491 -0.993309 
171 -0.757537 0.652792 0.075327 0.997159 
180 0.653229 0.757160 0.037220 0.999307 
183 0.653547 0.756886 0.037538 0.999295 
143 0.952307 0.305141 0.127246 0.991871 
318 -0.757226 0.653153 0.361094 0.932530 
329 -0.757389 0.652964 0.012314 -0.999924 
317 -0.757216 0.653165 0.048559 -0.998820 
361 -0.757412 0.652937 0.012875 -0.999917 
331 -0.757237 0.653140 0.012637 -0.999920 
359 -0.757088 0.653313 0.010488 -0.999945 
708 0.972276 0.233838 0.039046 -0.999237 
702 0.976484 -0.215588 0.017328 -0.999850 
535 0.757224 -0.653156 0.047634 -0.998865 
498 0.653285 0.757112 0.035590 0.999366 
131 -0.811804 -0.583929 0.133445 -0.991056 
103 0.985887 -0.167415 0.089058 -0.996026 
128 0.675922 -0.736973 -0.007963 -0.999968 
92 -0.906183 -0.422885 0.478735 -0.877960 
184 -0.045408 0.998969 0.009789 -0.999952 
251 -0.600000 -0.800000 0.073635 0.997285 
152 0.653147 0.757231 0.039975 0.999201 
272 0.732794 0.680451 0.009100 -0.999959 
201 -0.703490 0.710705 0.055914 -0.998436 
256 0.974634 -0.223805 0.022871 -0.999738 
267 0.148340 -0.988936 0.010970 -0.999940 
247 0.801280 -0.598289 0.108641 0.994081 
235 0.897012 0.442006 0.079092 0.996867 
404 -0.674371 0.738393 0.090461 0.995900 
578 -0.653070 -0.757298 0.042858 0.999081 
556 -0.653149 -0.757230 0.035714 0.999362 
275 -0.478458 0.878111 0.086229 0.996275 
545 0.656978 0.753910 0.036723 0.999325 
320 -0.757219 0.653161 0.552987 -0.833190 
586 0.894427 -0.447214 0.012688 -0.999920 
344 0.920818 -0.389993 0.122024 -0.992527 
452 0.118561 -0.992947 0.166729 -0.986003 
681 -0.897089 -0.441850 0.076488 -0.997070 
501 0.915214 -0.402967 0.069726 -0.997566 
172 0.653101 0.757271 0.049520 0.998773 
107 0.838607 0.544736 0.012892 -0.999917 
759 -0.683884 -0.729591 0.034877 -0.999392 
4 0.670913 -0.741536 0.139885 0.990168 
78 -0.524097 0.851658 0.099948 0.994993 
117 0.653377 0.757033 0.040783 0.999168 
43 0.419601 -0.907709 0.088959 0.996035 
87 -0.845018 0.534738 0.038484 0.999259 
125 -0.576938 0.816788 0.082495 0.996591 
800 0.899734 -0.436438 0.012822 -0.999918 
76 -0.951709 -0.307003 0.052454 0.998623 
25 0.589255 -0.807947 0.999381 0.035191 
445 -0.757289 0.653080 0.001730 -0.999999 
42 0.769837 0.638241 0.217809 -0.975991 
44 0.053975 0.998542 0.475077 -0.879944 
10 0.974732 0.223376 0.788741 -0.614726 
520 -0.757250 0.653125 0.002036 -0.999998 
540 0.575493 -0.817806 0.255540 -0.966798 
466 -0.757203 0.653180 0.029638 -0.999561 
516 0.728519 0.685025 0.026973 -0.999636 
262 -0.757481 0.652857 0.097910 0.995195 
13 0.685025 -0.728519 0.975012 0.222153 
124 -0.507985 -0.861366 0.045635 0.998958 
142 -0.896871 0.442292 0.051477 0.998674 
230 0.858019 -0.513617 0.046351 0.998925 
268 -0.758281 0.651928 0.084091 0.996458 
684 0.761391 -0.648293 0.022134 -0.999755 
89 0.639640 0.768674 0.130445 0.991456 
48 0.985549 0.169391 0.573799 -0.818996 
71 -0.999682 0.025202 0.347516 -0.937674 
60 0.950032 -0.312153 0.147974 -0.988991 
30 0.130455 -0.991454 0.995667 0.092987 
49 -0.415988 -0.909370 0.211109 -0.977463 
52 0.228369 -0.973575 0.183582 -0.983004 
688 0.052559 0.998618 0.114432 -0.993431 
703 -0.939793 0.341743 0.026777 -0.999641 
660 0.480145 0.877189 0.021136 -0.999777 
735 -0.209529 0.977802 0.045272 -0.998975 
174 -0.757275 0.653096 0.037910 0.999281 
144 -0.929062 -0.369924 0.069924 0.997552 
488 0.646970 0.762515 -0.001450 -0.999999 
381 -0.420017 0.907516 0.136497 0.990640 
339 -0.157224 0.987563 0.038035 -0.999276 
226 -0.677057 0.735931 0.346586 -0.938018 
202 0.124035 0.992278 0.115031 -0.993362 
39 -0.707107 -0.707107 0.136734 -0.990608 
211 0.760121 0.649781 0.153834 -0.988097 
831 -0.904432 -0.426619 0.924255 -0.381775 
33 -0.996130 0.087894 0.054654 0.998505 
3 -0.534642 -0.845079 0.507140 -0.861864 
2 0.992614 0.121319 0.073450 0.997299 
27 -0.146549 -0.989203 0.520370 0.853941 
485 -0.729303 0.684191 0.124951 -0.992163 
6 -0.897012 0.442006 0.197683 0.980266 
657 -0.109762 -0.993958 0.094369 -0.995537 
35 -0.852601 -0.522562 0.136112 -0.990693 
137 -0.813733 -0.581238 0.610782 0.791799 
16 0.278396 0.960466 0.913087 -0.407764 
123 0.796691 -0.604387 0.093359 0.995633 
126 -0.900695 0.434453 0.044444 0.999012 
163 -0.791782 0.610803 0.045530 0.998963 
827 0.997373 -0.072435 0.048641 -0.998816 
830 0.838444 0.544988 0.103987 -0.994579 
834 -0.997648 -0.068541 -0.482744 -0.875761 
14 0.947940 0.318449 0.366652 -0.930358 
15 -0.815652 -0.578543 0.749579 -0.661915 
185 0.135113 -0.990830 0.209283 -0.977855 
213 -0.942358 -0.334605 0.758366 0.651829 
529 -0.059595 0.998223 0.055138 -0.998479 
109 -0.086630 -0.996241 0.818885 -0.573958 
51 -0.995037 -0.099504 0.992584 -0.121564 
719 0.996626 -0.082075 0.211113 -0.977462 
728 -0.183282 0.983060 0.019358 -0.999813 
832 0.549014 -0.835813 0.018602 -0.999827 
258 0.489113 -0.872220 0.490243 -0.871586 
23 0.912756 0.408506 0.406586 -0.913613 
72 0.562310 0.826927 0.067761 -0.997702 
82 0.707107 -0.707107 0.418650 -0.908148 
54 -0.073872 -0.997268 0.192285 -0.981339 
95 -0.793019 0.609197 0.270790 -0.962638 
22 -0.826549 0.562865 0.737132 -0.675749 
32 0.924017 -0.382352 0.691113 -0.722747 
56 -0.681697 0.731634 0.031496 0.999504 
346 -0.880471 0.474100 0.031557 -0.999502 
91 0.966705 -0.255893 0.013189 -0.999913 
80 -0.740833 -0.671689 0.218778 -0.975775 
73 0.580788 0.814055 0.190097 -0.981765 
803 0.984531 0.175213 0.019916 -0.999802 
826 0.751165 0.660115 0.074826 -0.997197 
825 0.307967 0.951397 0.471909 -0.881647 
725 -0.112910 0.993605 0.008502 -0.999964 
9 -0.136085 0.990697 0.225847 -0.974163 
28 0.627496 -0.778620 0.376294 0.926500 
40 -0.838617 0.544721 0.169650 0.985504 
65 0.872506 0.488603 0.522397 -0.852702 
68 -0.600000 0.800000 0.586836 -0.809706 
374 0.602603 0.798041 0.217615 -0.976035 
691 -0.176299 0.984337 -0.133647 0.991029 
663 -0.629509 0.776994 0.516655 0.856194 
79 0.666915 0.745134 0.897130 0.441766 
84 -0.743921 0.668268 0.948665 -0.316283 
47 0.634996 0.772516 0.571115 -0.820870 
38 -0.200654 -0.979662 0.992724 0.120408 
21 0.506480 0.862252 0.499393 -0.866375 
18 0.251634 0.967822 0.124985 -0.992159 
26 0.646522 -0.762896 0.964166 0.265300 
733 0.461353 -0.887217 0.847476 0.530833 
19 0.900039 0.435809 0.433316 -0.901242 
20 -0.933930 0.357457 -0.778660 0.627446 
0 0.820473 0.571685 0.099540 0.995034 
376 -0.288742 -0.957407 0.482425 -0.875937 
385 -0.813364 0.581756 0.326791 -0.945097 
106 -0.596324 -0.802744 0.059659 -0.998219 
722 -0.774190 0.632953 0.132677 -0.991159 
350 0.564157 -0.825667 0.608190 -0.793791 
521 0.616509 -0.787348 0.202974 -0.979184 
835 0.686624 0.727013 0.151077 0.988522 
8 0.958219 -0.286036 0.484999 -0.874515 
