0 (6 1)
1 (2 1)
2 (2 1)
3 (2 1)
4 (6 1)
5 (5 1)
6 (2 1)
7 (1 1)
8 (6 1)
9 (6 1)
10 (6 1)
11 (6 1)
12 (6 1)
13 (6 1)
14 (6 1)
15 (6 1)
16 (6 1)
17 (1 1)
18 (1 1)
19 (6 1)
20 (6 1)
21 (6 1)
22 (6 1)
23 (6 1)
24 (6 1)
25 (2 1)
26 (6 1)
27 (6 1)
28 (6 1)
29 (4 1)
30 (6 1)
31 (6 1)
32 (1 1)
33 (2 1)
34 (3 1)
35 (1 1)
36 (6 1)
37 (6 1)
38 (6 1)
39 (1 1)
40 (6 1)
41 (6 1)
42 (6 1)
43 (6 1)
44 (6 1)
45 (2 1)
46 (2 1)
47 (6 1)
48 (5 1)
49 (1 1)
50 (6 1)
51 (6 1)
52 (1 1)
53 (6 1)
54 (6 1)
55 (1 1)
56 (6 1)
57 (6 1)
58 (6 1)
59 (3 1)
60 (1 1)
61 (3 1)
62 (2 1)
63 (6 1)
64 (1 1)
65 (6 1)
66 (1 1)
67 (3 1)
68 (6 1)
69 (5 1)
70 (6 1)
71 (1 1)
72 (1 1)
73 (6 1)
74 (1 1)
75 (6 1)
76 (6 1)
77 (1 1)
78 (2 1)
79 (6 1)
80 (5 1)
81 (1 1)
82 (6 1)
83 (1 1)
84 (6 1)
85 (6 1)
86 (6 1)
87 (2 1)
88 (2 1)
89 (6 1)
90 (2 1)
91 (5 1)
92 (6 1)
93 (2 1)
94 (6 1)
95 (6 1)
96 (6 1)
97 (6 1)
98 (3 1)
99 (5 1)
100 (3 1)
101 (2 1)
102 (5 1)
103 (1 1)
104 (5 1)
105 (5 1)
106 (5 1)
107 (1 1)
108 (5 1)
109 (6 1)
110 (4 1)
111 (5 1)
112 (2 1)
113 (6 1)
114 (5 1)
115 (2 1)
116 (6 1)
117 (2 1)
118 (5 1)
119 (6 1)
120 (5 1)
121 (2 1)
122 (6 1)
123 (2 1)
124 (4 1)
125 (6 1)
126 (6 1)
127 (3 1)
128 (1 1)
129 (2 1)
130 (5 1)
131 (5 1)
132 (3 1)
133 (1 1)
134 (3 1)
135 (5 1)
136 (1 1)
137 (6 1)
138 (6 1)
139 (6 1)
140 (4 1)
141 (6 1)
142 (6 1)
143 (6 1)
144 (6 1)
145 (3 1)
146 (4 1)
147 (2 1)
148 (3 1)
149 (6 1)
150 (3 1)
151 (6 1)
152 (3 1)
153 (6 1)
154 (2 1)
155 (6 1)
156 (3 1)
157 (0 1)
158 (1 1)
159 (5 1)
160 (0 1)
161 (1 1)
162 (2 1)
163 (6 1)
164 (6 1)
165 (4 1)
166 (4 1)
167 (3 1)
168 (6 1)
169 (4 1)
170 (3 1)
171 (1 1)
172 (2 1)
173 (4 1)
174 (4 1)
175 (6 1)
176 (1 1)
177 (3 1)
178 (4 1)
179 (1 1)
180 (4 1)
181 (6 1)
182 (1 1)
183 (3 1)
184 (3 1)
185 (6 1)
186 (2 1)
187 (3 1)
188 (4 1)
189 (3 1)
190 (3 1)
191 (3 1)
192 (3 1)
193 (3 1)
194 (4 1)
195 (3 1)
196 (4 1)
197 (3 1)
198 (6 1)
199 (0 1)
200 (2 1)
201 (5 1)
202 (3 1)
203 (5 1)
204 (6 1)
205 (5 1)
206 (3 1)
207 (4 1)
208 (1 1)
209 (4 1)
210 (4 1)
211 (3 1)
212 (6 1)
213 (6 1)
214 (4 1)
215 (5 1)
216 (6 1)
217 (3 1)
218 (5 1)
219 (6 1)
220 (4 1)
221 (3 1)
222 (4 1)
223 (2 1)
224 (5 1)
225 (5 1)
226 (3 1)
227 (5 1)
228 (5 1)
229 (0 1)
230 (5 1)
231 (5 1)
232 (5 1)
233 (3 1)
234 (0 1)
235 (1 1)
236 (3 1)
237 (1 1)
238 (6 1)
239 (1 1)
240 (0 1)
241 (1 1)
242 (0 1)
243 (6 1)
244 (4 1)
245 (3 1)
246 (3 1)
247 (3 1)
248 (4 1)
249 (6 1)
250 (4 1)
251 (3 1)
252 (6 1)
253 (3 1)
254 (1 1)
255 (0 1)
256 (1 1)
257 (3 1)
258 (1 1)
259 (3 1)
260 (5 1)
261 (4 1)
262 (6 1)
263 (4 1)
264 (2 1)
265 (4 1)
266 (3 1)
267 (3 1)
268 (6 1)
269 (4 1)
270 (4 1)
271 (6 1)
272 (0 1)
273 (4 1)
274 (6 1)
275 (1 1)
276 (3 1)
277 (0 1)
278 (4 1)
279 (3 1)
280 (1 1)
281 (5 1)
282 (3 1)
283 (5 1)
284 (4 1)
285 (1 1)
286 (0 1)
287 (3 1)
288 (4 1)
289 (3 1)
290 (4 1)
291 (2 1)
292 (3 1)
293 (3 1)
294 (6 1)
295 (6 1)
296 (3 1)
297 (3 1)
298 (4 1)
299 (6 1)
300 (3 1)
301 (6 1)
302 (4 1)
303 (3 1)
304 (4 1)
305 (6 1)
306 (4 1)
307 (0 1)
308 (4 1)
309 (0 1)
310 (5 1)
311 (5 1)
312 (0 1)
313 (5 1)
314 (4 1)
315 (6 1)
316 (6 1)
317 (3 1)
318 (3 1)
319 (6 1)
320 (3 1)
321 (3 1)
322 (4 1)
323 (6 1)
324 (6 1)
325 (6 1)
326 (0 1)
327 (6 1)
328 (3 1)
329 (3 1)
330 (3 1)
331 (4 1)
332 (1 1)
333 (4 1)
334 (4 1)
335 (5 1)
336 (3 1)
337 (6 1)
338 (6 1)
339 (1 1)
340 (4 1)
341 (0 1)
342 (1 1)
343 (1 1)
344 (1 1)
345 (3 1)
346 (3 1)
347 (0 1)
348 (6 1)
349 (1 1)
350 (6 1)
351 (4 1)
352 (0 1)
353 (1 1)
354 (0 1)
355 (0 1)
356 (6 1)
357 (4 1)
358 (5 1)
359 (6 1)
360 (3 1)
361 (6 1)
362 (4 1)
363 (6 1)
364 (4 1)
365 (4 1)
366 (6 1)
367 (6 1)
368 (6 1)
369 (6 1)
370 (5 1)
371 (4 1)
372 (6 1)
373 (3 1)
374 (6 1)
375 (0 1)
376 (1 1)
377 (6 1)
378 (6 1)
379 (6 1)
380 (6 1)
381 (3 1)
382 (6 1)
383 (4 1)
384 (0 1)
385 (1 1)
386 (6 1)
387 (0 1)
388 (6 1)
389 (4 1)
390 (3 1)
391 (5 1)
392 (3 1)
393 (4 1)
394 (4 1)
395 (6 1)
396 (6 1)
397 (6 1)
398 (6 1)
399 (6 1)
400 (0 1)
401 (6 1)
402 (6 1)
403 (6 1)
404 (3 1)
405 (3 1)
406 (4 1)
407 (1 1)
408 (1 1)
409 (6 1)
410 (6 1)
411 (6 1)
412 (4 1)
413 (0 1)
414 (4 1)
415 (4 1)
416 (5 1)
417 (6 1)
418 (1 1)
419 (0 1)
420 (6 1)
421 (1 1)
422 (1 1)
423 (1 1)
424 (3 1)
425 (0 1)
426 (0 1)
427 (5 1)
428 (5 1)
429 (6 1)
430 (5 1)
431 (6 1)
432 (3 1)
433 (0 1)
434 (1 1)
435 (0 1)
436 (6 1)
437 (0 1)
438 (0 1)
439 (0 1)
440 (6 1)
441 (5 1)
442 (6 1)
443 (0 1)
444 (6 1)
445 (6 1)
446 (6 1)
447 (1 1)
448 (4 1)
449 (4 1)
450 (1 1)
451 (0 1)
452 (1 1)
453 (5 1)
454 (0 1)
455 (3 1)
456 (5 1)
457 (0 1)
458 (3 1)
459 (5 1)
460 (6 1)
461 (1 1)
462 (0 1)
463 (3 1)
464 (4 1)
465 (6 1)
466 (6 1)
467 (6 1)
468 (0 1)
469 (6 1)
470 (3 1)
471 (3 1)
472 (0 1)
473 (0 1)
474 (4 1)
475 (0 1)
476 (0 1)
477 (0 1)
478 (0 1)
479 (0 1)
480 (6 1)
481 (0 1)
482 (6 1)
483 (0 1)
484 (6 1)
485 (0 1)
486 (6 1)
487 (4 1)
488 (3 1)
489 (0 1)
490 (6 1)
491 (5 1)
492 (6 1)
493 (5 1)
494 (5 1)
495 (0 1)
496 (0 1)
497 (5 1)
498 (0 1)
499 (0 1)
500 (0 1)
501 (0 1)
502 (0 1)
503 (3 1)
504 (5 1)
505 (0 1)
506 (0 1)
507 (3 1)
508 (0 1)
509 (0 1)
510 (3 1)
511 (6 1)
512 (0 1)
513 (4 1)
514 (6 1)
515 (2 1)
516 (3 1)
517 (1 1)
518 (6 1)
519 (0 1)
520 (6 1)
521 (6 1)
522 (0 1)
523 (6 1)
524 (0 1)
525 (0 1)
526 (6 1)
527 (5 1)
528 (6 1)
529 (0 1)
530 (6 1)
531 (5 1)
532 (1 1)
533 (6 1)
534 (0 1)
535 (6 1)
536 (6 1)
537 (4 1)
538 (0 1)
539 (0 1)
540 (6 1)
541 (6 1)
542 (6 1)
543 (0 1)
544 (3 1)
545 (0 1)
546 (0 1)
547 (4 1)
548 (0 1)
549 (0 1)
550 (6 1)
551 (6 1)
552 (0 1)
553 (6 1)
554 (0 1)
555 (0 1)
556 (6 1)
557 (6 1)
558 (6 1)
559 (0 1)
560 (0 1)
561 (0 1)
562 (0 1)
563 (0 1)
564 (0 1)
565 (6 1)
566 (0 1)
567 (0 1)
568 (0 1)
569 (3 1)
570 (3 1)
571 (0 1)
572 (0 1)
573 (0 1)
574 (6 1)
575 (3 1)
576 (3 1)
577 (0 1)
578 (0 1)
579 (0 1)
580 (0 1)
581 (0 1)
582 (0 1)
583 (1 1)
584 (0 1)
585 (6 1)
586 (5 1)
587 (5 1)
588 (5 1)
589 (3 1)
590 (0 1)
591 (0 1)
592 (0 1)
593 (0 1)
594 (0 1)
595 (6 1)
596 (3 1)
597 (2 1)
598 (6 1)
599 (6 1)
600 (0 1)
601 (0 1)
602 (0 1)
603 (5 1)
604 (6 1)
605 (0 1)
606 (0 1)
607 (0 1)
608 (0 1)
609 (0 1)
610 (6 1)
611 (0 1)
612 (6 1)
613 (4 1)
614 (6 1)
615 (3 1)
616 (3 1)
617 (0 1)
618 (0 1)
619 (6 1)
620 (1 1)
621 (0 1)
622 (6 1)
623 (6 1)
624 (6 1)
625 (6 1)
626 (3 1)
627 (3 1)
628 (6 1)
629 (6 1)
630 (3 1)
631 (0 1)
632 (6 1)
633 (3 1)
634 (5 1)
635 (3 1)
636 (6 1)
637 (6 1)
638 (5 1)
639 (3 1)
640 (3 1)
641 (6 1)
642 (3 1)
643 (0 1)
644 (6 1)
645 (0 1)
646 (0 1)
647 (2 1)
648 (0 1)
649 (0 1)
650 (6 1)
651 (0 1)
652 (0 1)
653 (0 1)
654 (6 1)
655 (6 1)
656 (0 1)
657 (0 1)
658 (6 1)
659 (5 1)
660 (0 1)
661 (0 1)
662 (6 1)
663 (6 1)
664 (0 1)
665 (6 1)
666 (3 1)
667 (0 1)
668 (6 1)
669 (0 1)
670 (6 1)
671 (6 1)
672 (6 1)
673 (5 1)
674 (6 1)
675 (0 1)
676 (0 1)
677 (6 1)
678 (0 1)
679 (5 1)
680 (3 1)
681 (0 1)
682 (6 1)
683 (6 1)
684 (2 1)
685 (0 1)
686 (3 1)
687 (0 1)
688 (0 1)
689 (0 1)
690 (6 1)
691 (1 1)
692 (0 1)
693 (3 1)
694 (6 1)
695 (0 1)
696 (0 1)
697 (6 1)
698 (0 1)
699 (6 1)
700 (6 1)
701 (0 1)
702 (3 1)
703 (0 1)
704 (0 1)
705 (6 1)
706 (6 1)
707 (0 1)
708 (0 1)
709 (3 1)
710 (6 1)
711 (3 1)
712 (6 1)
713 (0 1)
714 (6 1)
715 (0 1)
716 (6 1)
717 (6 1)
718 (6 1)
719 (6 1)
720 (6 1)
721 (6 1)
722 (6 1)
723 (3 1)
724 (5 1)
725 (0 1)
726 (6 1)
727 (6 1)
728 (6 1)
729 (5 1)
730 (5 1)
731 (5 1)
732 (0 1)
733 (3 1)
734 (0 1)
735 (3 1)
736 (5 1)
737 (6 1)
738 (6 1)
739 (6 1)
740 (6 1)
741 (6 1)
742 (6 1)
743 (6 1)
744 (6 1)
745 (6 1)
746 (2 1)
747 (6 1)
748 (6 1)
749 (6 1)
750 (3 1)
751 (0 1)
752 (6 1)
753 (6 1)
754 (6 1)
755 (6 1)
756 (3 1)
757 (6 1)
758 (6 1)
759 (6 1)
760 (6 1)
761 (0 1)
762 (0 1)
763 (6 1)
764 (6 1)
765 (6 1)
766 (3 1)
767 (6 1)
768 (6 1)
769 (3 1)
770 (0 1)
771 (0 1)
772 (0 1)
773 (6 1)
774 (6 1)
775 (3 1)
776 (6 1)
777 (0 1)
778 (6 1)
779 (6 1)
780 (6 1)
781 (6 1)
782 (6 1)
783 (6 1)
784 (3 1)
785 (3 1)
786 (0 1)
787 (6 1)
788 (0 1)
789 (3 1)
790 (0 1)
791 (3 1)
792 (0 1)
793 (6 1)
794 (6 1)
795 (0 1)
796 (6 1)
797 (0 1)
798 (6 1)
799 (6 1)
800 (0 1)
801 (6 1)
802 (6 1)
803 (0 1)
804 (6 1)
805 (6 1)
806 (6 1)
807 (6 1)
808 (6 1)
809 (3 1)
810 (0 1)
811 (3 1)
812 (6 1)
813 (6 1)
814 (0 1)
815 (0 1)
816 (6 1)
817 (6 1)
818 (6 1)
819 (6 1)
820 (6 1)
821 (6 1)
822 (0 1)
823 (4 1)
824 (6 1)
825 (0 1)
826 (6 1)
827 (0 1)
828 (6 1)
829 (6 1)
830 (6 1)
831 (0 1)
832 (0 1)
833 (6 1)
834 (6 1)
835 (6 1)
