0 (0 1)
1 (3 1)
2 (0 1)
3 (0 1)
4 (0 1)
5 (0 1)
6 (0 1)
7 (2 1)
8 (0 1)
9 (0 1)
10 (0 1)
11 (0 1)
12 (2 1)
13 (3 1)
14 (0 1)
15 (0 1)
16 (0 1)
17 (3 1)
18 (0 1)
19 (0 1)
20 (0 1)
21 (0 1)
22 (0 1)
23 (0 1)
24 (0 1)
25 (0 1)
26 (0 1)
27 (0 1)
28 (0 1)
29 (6 1)
30 (0 1)
31 (2 1)
32 (0 1)
33 (0 1)
34 (3 1)
35 (3 1)
36 (2 1)
37 (0 1)
38 (0 1)
39 (0 1)
40 (0 1)
41 (2 1)
42 (2 1)
43 (0 1)
44 (2 1)
45 (0 1)
46 (3 1)
47 (0 1)
48 (0 1)
49 (0 1)
50 (0 1)
51 (0 1)
52 (0 1)
53 (0 1)
54 (0 1)
55 (3 1)
56 (0 1)
57 (0 1)
58 (5 1)
59 (2 1)
60 (0 1)
61 (5 1)
62 (2 1)
63 (2 1)
64 (5 1)
65 (0 1)
66 (5 1)
67 (2 1)
68 (0 1)
69 (5 1)
70 (3 1)
71 (0 1)
72 (0 1)
73 (0 1)
74 (2 1)
75 (3 1)
76 (2 1)
77 (6 1)
78 (3 1)
79 (0 1)
80 (0 1)
81 (2 1)
82 (0 1)
83 (5 1)
84 (0 1)
85 (0 1)
86 (0 1)
87 (2 1)
88 (3 1)
89 (0 1)
90 (2 1)
91 (0 1)
92 (3 1)
93 (5 1)
94 (0 1)
95 (0 1)
96 (5 1)
97 (0 1)
98 (6 1)
99 (5 1)
100 (0 1)
101 (2 1)
102 (2 1)
103 (3 1)
104 (5 1)
105 (5 1)
106 (0 1)
107 (3 1)
108 (5 1)
109 (0 1)
110 (5 1)
111 (5 1)
112 (2 1)
113 (5 1)
114 (5 1)
115 (3 1)
116 (3 1)
117 (3 1)
118 (2 1)
119 (3 1)
120 (3 1)
121 (3 1)
122 (6 1)
123 (3 1)
124 (6 1)
125 (6 1)
126 (6 1)
127 (6 1)
128 (0 1)
129 (1 1)
130 (2 1)
131 (2 1)
132 (2 1)
133 (2 1)
134 (2 1)
135 (2 1)
136 (3 1)
137 (3 1)
138 (3 1)
139 (0 1)
140 (3 1)
141 (6 1)
142 (3 1)
143 (6 1)
144 (3 1)
145 (0 1)
146 (2 1)
147 (2 1)
148 (2 1)
149 (2 1)
150 (2 1)
151 (2 1)
152 (0 1)
153 (3 1)
154 (3 1)
155 (3 1)
156 (0 1)
157 (3 1)
158 (3 1)
159 (2 1)
160 (2 1)
161 (2 1)
162 (3 1)
163 (3 1)
164 (3 1)
165 (3 1)
166 (2 1)
167 (2 1)
168 (0 1)
169 (6 1)
170 (2 1)
171 (0 1)
172 (1 1)
173 (2 1)
174 (3 1)
175 (2 1)
176 (2 1)
177 (2 1)
178 (1 1)
179 (1 1)
180 (3 1)
181 (3 1)
182 (4 1)
183 (1 1)
184 (3 1)
185 (0 1)
186 (2 1)
187 (2 1)
188 (6 1)
189 (1 1)
190 (6 1)
191 (0 1)
192 (3 1)
193 (1 1)
194 (3 1)
195 (1 1)
196 (2 1)
197 (3 1)
198 (3 1)
199 (3 1)
200 (3 1)
201 (2 1)
202 (2 1)
203 (2 1)
204 (2 1)
205 (2 1)
206 (6 1)
207 (2 1)
208 (6 1)
209 (6 1)
210 (3 1)
211 (2 1)
212 (0 1)
213 (0 1)
214 (6 1)
215 (2 1)
216 (3 1)
217 (3 1)
218 (2 1)
219 (0 1)
220 (1 1)
221 (1 1)
222 (1 1)
223 (2 1)
224 (3 1)
225 (3 1)
226 (3 1)
227 (2 1)
228 (2 1)
229 (3 1)
230 (2 1)
231 (2 1)
232 (2 1)
233 (4 1)
234 (0 1)
235 (2 1)
236 (3 1)
237 (3 1)
238 (2 1)
239 (3 1)
240 (2 1)
241 (3 1)
242 (2 1)
243 (2 1)
244 (6 1)
245 (2 1)
246 (3 1)
247 (2 1)
248 (3 1)
249 (0 1)
250 (6 1)
251 (0 1)
252 (3 1)
253 (3 1)
254 (3 1)
255 (2 1)
256 (0 1)
257 (3 1)
258 (0 1)
259 (0 1)
260 (3 1)
261 (3 1)
262 (0 1)
263 (3 1)
264 (3 1)
265 (2 1)
266 (1 1)
267 (3 1)
268 (0 1)
269 (3 1)
270 (3 1)
271 (0 1)
272 (3 1)
273 (0 1)
274 (2 1)
275 (3 1)
276 (3 1)
277 (3 1)
278 (3 1)
279 (3 1)
280 (3 1)
281 (2 1)
282 (3 1)
283 (2 1)
284 (3 1)
285 (3 1)
286 (1 1)
287 (2 1)
288 (3 1)
289 (3 1)
290 (6 1)
291 (3 1)
292 (6 1)
293 (6 1)
294 (3 1)
295 (3 1)
296 (1 1)
297 (3 1)
298 (2 1)
299 (3 1)
300 (2 1)
301 (3 1)
302 (6 1)
303 (3 1)
304 (3 1)
305 (3 1)
306 (3 1)
307 (2 1)
308 (2 1)
309 (4 1)
310 (2 1)
311 (2 1)
312 (2 1)
313 (1 1)
314 (3 1)
315 (3 1)
316 (3 1)
317 (2 1)
318 (1 1)
319 (2 1)
320 (2 1)
321 (2 1)
322 (3 1)
323 (0 1)
324 (3 1)
325 (3 1)
326 (3 1)
327 (0 1)
328 (4 1)
329 (2 1)
330 (2 1)
331 (1 1)
332 (3 1)
333 (1 1)
334 (3 1)
335 (3 1)
336 (3 1)
337 (3 1)
338 (0 1)
339 (3 1)
340 (6 1)
341 (3 1)
342 (3 1)
343 (3 1)
344 (0 1)
345 (0 1)
346 (0 1)
347 (4 1)
348 (3 1)
349 (3 1)
350 (0 1)
351 (1 1)
352 (1 1)
353 (3 1)
354 (1 1)
355 (4 1)
356 (2 1)
357 (3 1)
358 (1 1)
359 (1 1)
360 (6 1)
361 (1 1)
362 (1 1)
363 (6 1)
364 (3 1)
365 (4 1)
366 (3 1)
367 (3 1)
368 (2 1)
369 (4 1)
370 (4 1)
371 (4 1)
372 (1 1)
373 (3 1)
374 (0 1)
375 (0 1)
376 (0 1)
377 (1 1)
378 (3 1)
379 (3 1)
380 (0 1)
381 (0 1)
382 (0 1)
383 (3 1)
384 (2 1)
385 (0 1)
386 (0 1)
387 (3 1)
388 (0 1)
389 (3 1)
390 (1 1)
391 (2 1)
392 (2 1)
393 (2 1)
394 (2 1)
395 (1 1)
396 (1 1)
397 (2 1)
398 (2 1)
399 (1 1)
400 (1 1)
401 (1 1)
402 (3 1)
403 (0 1)
404 (0 1)
405 (0 1)
406 (6 1)
407 (1 1)
408 (2 1)
409 (1 1)
410 (1 1)
411 (6 1)
412 (6 1)
413 (2 1)
414 (0 1)
415 (6 1)
416 (2 1)
417 (1 1)
418 (1 1)
419 (6 1)
420 (1 1)
421 (4 1)
422 (1 1)
423 (3 1)
424 (2 1)
425 (1 1)
426 (1 1)
427 (0 1)
428 (2 1)
429 (2 1)
430 (3 1)
431 (3 1)
432 (3 1)
433 (1 1)
434 (1 1)
435 (1 1)
436 (1 1)
437 (1 1)
438 (1 1)
439 (1 1)
440 (1 1)
441 (1 1)
442 (1 1)
443 (3 1)
444 (3 1)
445 (2 1)
446 (3 1)
447 (2 1)
448 (6 1)
449 (6 1)
450 (2 1)
451 (1 1)
452 (0 1)
453 (0 1)
454 (0 1)
455 (3 1)
456 (1 1)
457 (2 1)
458 (0 1)
459 (3 1)
460 (0 1)
461 (3 1)
462 (1 1)
463 (3 1)
464 (3 1)
465 (0 1)
466 (3 1)
467 (3 1)
468 (3 1)
469 (0 1)
470 (0 1)
471 (0 1)
472 (1 1)
473 (1 1)
474 (6 1)
475 (1 1)
476 (3 1)
477 (6 1)
478 (6 1)
479 (6 1)
480 (0 1)
481 (3 1)
482 (0 1)
483 (0 1)
484 (0 1)
485 (0 1)
486 (0 1)
487 (0 1)
488 (0 1)
489 (2 1)
490 (6 1)
491 (3 1)
492 (0 1)
493 (3 1)
494 (3 1)
495 (1 1)
496 (1 1)
497 (1 1)
498 (3 1)
499 (1 1)
500 (3 1)
501 (0 1)
502 (6 1)
503 (1 1)
504 (0 1)
505 (3 1)
506 (3 1)
507 (0 1)
508 (2 1)
509 (6 1)
510 (0 1)
511 (3 1)
512 (3 1)
513 (6 1)
514 (6 1)
515 (6 1)
516 (0 1)
517 (3 1)
518 (3 1)
519 (0 1)
520 (0 1)
521 (0 1)
522 (1 1)
523 (0 1)
524 (3 1)
525 (3 1)
526 (0 1)
527 (3 1)
528 (0 1)
529 (0 1)
530 (0 1)
531 (1 1)
532 (3 1)
533 (0 1)
534 (1 1)
535 (0 1)
536 (0 1)
537 (6 1)
538 (1 1)
539 (6 1)
540 (0 1)
541 (3 1)
542 (0 1)
543 (3 1)
544 (3 1)
545 (3 1)
546 (1 1)
547 (3 1)
548 (3 1)
549 (6 1)
550 (0 1)
551 (3 1)
552 (3 1)
553 (0 1)
554 (1 1)
555 (3 1)
556 (3 1)
557 (0 1)
558 (0 1)
559 (0 1)
560 (1 1)
561 (3 1)
562 (3 1)
563 (3 1)
564 (3 1)
565 (3 1)
566 (2 1)
567 (3 1)
568 (3 1)
569 (4 1)
570 (4 1)
571 (0 1)
572 (5 1)
573 (1 1)
574 (0 1)
575 (3 1)
576 (0 1)
577 (3 1)
578 (3 1)
579 (6 1)
580 (2 1)
581 (3 1)
582 (1 1)
583 (0 1)
584 (1 1)
585 (3 1)
586 (0 1)
587 (0 1)
588 (3 1)
589 (3 1)
590 (1 1)
591 (1 1)
592 (2 1)
593 (2 1)
594 (5 1)
595 (4 1)
596 (4 1)
597 (6 1)
598 (6 1)
599 (3 1)
600 (2 1)
601 (3 1)
602 (1 1)
603 (3 1)
604 (0 1)
605 (3 1)
606 (2 1)
607 (4 1)
608 (1 1)
609 (6 1)
610 (3 1)
611 (1 1)
612 (2 1)
613 (3 1)
614 (1 1)
615 (2 1)
616 (1 1)
617 (1 1)
618 (4 1)
619 (1 1)
620 (1 1)
621 (4 1)
622 (1 1)
623 (3 1)
624 (3 1)
625 (1 1)
626 (3 1)
627 (2 1)
628 (3 1)
629 (3 1)
630 (3 1)
631 (1 1)
632 (2 1)
633 (2 1)
634 (3 1)
635 (1 1)
636 (0 1)
637 (1 1)
638 (1 1)
639 (1 1)
640 (1 1)
641 (1 1)
642 (4 1)
643 (4 1)
644 (0 1)
645 (1 1)
646 (0 1)
647 (1 1)
648 (4 1)
649 (4 1)
650 (0 1)
651 (4 1)
652 (4 1)
653 (6 1)
654 (3 1)
655 (1 1)
656 (4 1)
657 (3 1)
658 (0 1)
659 (1 1)
660 (3 1)
661 (3 1)
662 (0 1)
663 (0 1)
664 (4 1)
665 (0 1)
666 (4 1)
667 (2 1)
668 (1 1)
669 (1 1)
670 (3 1)
671 (4 1)
672 (4 1)
673 (1 1)
674 (3 1)
675 (1 1)
676 (4 1)
677 (1 1)
678 (4 1)
679 (4 1)
680 (1 1)
681 (3 1)
682 (0 1)
683 (1 1)
684 (0 1)
685 (3 1)
686 (3 1)
687 (3 1)
688 (3 1)
689 (1 1)
690 (0 1)
691 (0 1)
692 (4 1)
693 (4 1)
694 (4 1)
695 (4 1)
696 (6 1)
697 (4 1)
698 (6 1)
699 (1 1)
700 (4 1)
701 (4 1)
702 (3 1)
703 (3 1)
704 (3 1)
705 (3 1)
706 (6 1)
707 (4 1)
708 (3 1)
709 (6 1)
710 (1 1)
711 (3 1)
712 (3 1)
713 (4 1)
714 (1 1)
715 (4 1)
716 (4 1)
717 (4 1)
718 (4 1)
719 (3 1)
720 (4 1)
721 (0 1)
722 (0 1)
723 (3 1)
724 (1 1)
725 (0 1)
726 (3 1)
727 (0 1)
728 (3 1)
729 (1 1)
730 (1 1)
731 (3 1)
732 (1 1)
733 (0 1)
734 (4 1)
735 (3 1)
736 (1 1)
737 (4 1)
738 (1 1)
739 (4 1)
740 (4 1)
741 (4 1)
742 (4 1)
743 (4 1)
744 (4 1)
745 (6 1)
746 (4 1)
747 (6 1)
748 (3 1)
749 (1 1)
750 (3 1)
751 (6 1)
752 (3 1)
753 (4 1)
754 (4 1)
755 (6 1)
756 (1 1)
757 (4 1)
758 (0 1)
759 (3 1)
760 (3 1)
761 (3 1)
762 (6 1)
763 (3 1)
764 (0 1)
765 (3 1)
766 (3 1)
767 (4 1)
768 (3 1)
769 (6 1)
770 (4 1)
771 (3 1)
772 (3 1)
773 (6 1)
774 (4 1)
775 (6 1)
776 (6 1)
777 (3 1)
778 (6 1)
779 (6 1)
780 (6 1)
781 (0 1)
782 (3 1)
783 (3 1)
784 (6 1)
785 (3 1)
786 (3 1)
787 (6 1)
788 (1 1)
789 (3 1)
790 (3 1)
791 (3 1)
792 (3 1)
793 (4 1)
794 (6 1)
795 (6 1)
796 (4 1)
797 (3 1)
798 (0 1)
799 (6 1)
800 (3 1)
801 (0 1)
802 (1 1)
803 (0 1)
804 (0 1)
805 (6 1)
806 (6 1)
807 (6 1)
808 (6 1)
809 (3 1)
810 (6 1)
811 (0 1)
812 (3 1)
813 (6 1)
814 (6 1)
815 (3 1)
816 (6 1)
817 (3 1)
818 (4 1)
819 (0 1)
820 (6 1)
821 (3 1)
822 (0 1)
823 (0 1)
824 (0 1)
825 (0 1)
826 (0 1)
827 (0 1)
828 (0 1)
829 (1 1)
830 (0 1)
831 (0 1)
832 (0 1)
833 (0 1)
834 (0 1)
835 (0 1)
