818 (3 1)
810 (3 1)
824 (3 1)
816 (3 1)
805 (3 1)
773 (3 1)
794 (3 1)
775 (3 1)
793 (3 1)
796 (3 1)
770 (3 1)
820 (3 1)
792 (3 1)
762 (3 1)
795 (3 1)
701 (6 1)
768 (3 1)
781 (3 1)
789 (3 1)
821 (3 1)
764 (3 1)
751 (3 1)
822 (3 1)
772 (3 1)
812 (3 1)
771 (3 1)
780 (3 1)
782 (3 1)
761 (3 1)
746 (3 1)
737 (3 1)
774 (3 1)
808 (3 1)
787 (3 1)
806 (3 1)
754 (3 1)
700 (6 1)
778 (3 1)
756 (3 1)
749 (3 1)
753 (3 1)
757 (3 1)
739 (3 1)
779 (3 1)
692 (6 1)
740 (3 1)
726 (3 1)
741 (3 1)
694 (6 1)
743 (3 1)
744 (3 1)
755 (3 1)
689 (6 1)
607 (1 1)
697 (6 1)
651 (6 1)
412 (5 1)
415 (5 1)
490 (5 1)
514 (1 1)
509 (1 1)
515 (1 1)
477 (5 1)
448 (5 1)
537 (1 1)
479 (5 1)
360 (0 1)
443 (5 1)
363 (0 1)
698 (6 1)
696 (6 1)
656 (6 1)
709 (6 1)
699 (6 1)
695 (6 1)
713 (6 1)
666 (6 1)
707 (6 1)
621 (6 1)
648 (6 1)
594 (1 1)
609 (6 1)
613 (6 1)
678 (6 1)
716 (6 1)
734 (3 1)
647 (6 1)
693 (6 1)
706 (6 1)
670 (6 1)
664 (6 1)
674 (6 1)
649 (6 1)
715 (6 1)
627 (6 1)
546 (1 1)
544 (1 1)
584 (1 1)
531 (1 1)
538 (1 1)
494 (1 1)
571 (1 1)
576 (1 1)
497 (1 1)
561 (1 1)
503 (1 1)
575 (1 1)
422 (5 1)
421 (5 1)
423 (5 1)
371 (5 1)
450 (5 1)
365 (0 1)
436 (5 1)
424 (5 1)
418 (5 1)
463 (5 1)
447 (5 1)
434 (5 1)
431 (5 1)
396 (5 1)
462 (5 1)
355 (0 1)
625 (6 1)
626 (6 1)
637 (6 1)
619 (6 1)
677 (6 1)
659 (6 1)
567 (1 1)
641 (6 1)
614 (6 1)
495 (1 1)
585 (1 1)
354 (0 1)
312 (0 1)
413 (5 1)
281 (0 1)
351 (0 1)
310 (0 1)
357 (0 1)
408 (5 1)
356 (0 1)
409 (5 1)
440 (5 1)
416 (5 1)
283 (0 1)
311 (0 1)
309 (0 1)
278 (0 1)
502 (1 1)
580 (1 1)
478 (5 1)
510 (1 1)
551 (1 1)
507 (1 1)
572 (1 1)
553 (1 1)
449 (5 1)
158 (4 1)
156 (4 1)
157 (4 1)
191 (4 1)
100 (2 1)
705 (6 1)
618 (6 1)
667 (6 1)
606 (1 1)
595 (1 1)
752 (3 1)
788 (3 1)
809 (3 1)
370 (0 1)
428 (5 1)
441 (5 1)
430 (5 1)
435 (5 1)
379 (5 1)
470 (5 1)
454 (5 1)
675 (6 1)
679 (6 1)
337 (0 1)
323 (0 1)
328 (0 1)
325 (0 1)
322 (0 1)
266 (0 1)
295 (0 1)
304 (0 1)
419 (5 1)
406 (5 1)
411 (5 1)
290 (0 1)
252 (0 1)
302 (0 1)
292 (0 1)
192 (4 1)
383 (5 1)
293 (0 1)
364 (0 1)
464 (5 1)
481 (5 1)
446 (5 1)
467 (5 1)
524 (1 1)
766 (3 1)
798 (3 1)
475 (5 1)
791 (3 1)
814 (3 1)
474 (5 1)
730 (3 1)
732 (3 1)
731 (3 1)
767 (3 1)
710 (6 1)
760 (3 1)
736 (3 1)
729 (3 1)
714 (6 1)
717 (6 1)
724 (3 1)
712 (6 1)
804 (3 1)
783 (3 1)
790 (3 1)
642 (6 1)
592 (1 1)
598 (1 1)
568 (1 1)
593 (1 1)
511 (1 1)
615 (6 1)
819 (3 1)
811 (3 1)
833 (3 1)
802 (3 1)
786 (3 1)
765 (3 1)
750 (3 1)
763 (3 1)
797 (3 1)
828 (3 1)
683 (6 1)
748 (3 1)
817 (3 1)
723 (3 1)
254 (0 1)
222 (4 1)
233 (4 1)
224 (4 1)
225 (4 1)
215 (4 1)
217 (4 1)
177 (4 1)
228 (4 1)
218 (4 1)
179 (4 1)
248 (4 1)
596 (1 1)
628 (6 1)
569 (1 1)
645 (6 1)
612 (6 1)
549 (1 1)
579 (1 1)
548 (1 1)
570 (1 1)
547 (1 1)
599 (1 1)
552 (1 1)
653 (6 1)
634 (6 1)
635 (6 1)
631 (6 1)
643 (6 1)
676 (6 1)
652 (6 1)
591 (1 1)
602 (1 1)
720 (6 1)
630 (6 1)
597 (1 1)
829 (3 1)
632 (6 1)
366 (0 1)
367 (0 1)
646 (6 1)
629 (6 1)
611 (6 1)
685 (6 1)
291 (0 1)
261 (0 1)
673 (6 1)
745 (3 1)
439 (5 1)
426 (5 1)
341 (0 1)
384 (5 1)
473 (5 1)
403 (5 1)
639 (6 1)
686 (6 1)
680 (6 1)
687 (6 1)
671 (6 1)
711 (6 1)
622 (6 1)
269 (0 1)
227 (4 1)
286 (0 1)
229 (4 1)
260 (0 1)
200 (4 1)
199 (4 1)
216 (4 1)
314 (0 1)
250 (0 1)
332 (0 1)
315 (0 1)
326 (0 1)
324 (0 1)
316 (0 1)
305 (0 1)
347 (0 1)
343 (0 1)
400 (5 1)
348 (0 1)
342 (0 1)
274 (0 1)
420 (5 1)
397 (5 1)
353 (0 1)
352 (0 1)
380 (5 1)
382 (5 1)
414 (5 1)
456 (5 1)
489 (5 1)
451 (5 1)
458 (5 1)
457 (5 1)
461 (5 1)
442 (5 1)
807 (3 1)
769 (3 1)
813 (3 1)
799 (3 1)
534 (1 1)
532 (1 1)
472 (5 1)
522 (1 1)
577 (1 1)
496 (1 1)
505 (1 1)
499 (1 1)
519 (1 1)
493 (1 1)
527 (1 1)
306 (0 1)
308 (0 1)
298 (0 1)
282 (0 1)
349 (0 1)
372 (5 1)
287 (0 1)
672 (6 1)
270 (0 1)
263 (0 1)
358 (0 1)
284 (0 1)
271 (0 1)
210 (4 1)
196 (4 1)
212 (4 1)
231 (4 1)
207 (4 1)
206 (4 1)
530 (1 1)
558 (1 1)
533 (1 1)
526 (1 1)
240 (4 1)
259 (0 1)
279 (0 1)
241 (4 1)
255 (0 1)
242 (4 1)
300 (0 1)
108 (2 1)
110 (2 1)
96 (2 1)
93 (2 1)
61 (2 1)
105 (2 1)
58 (2 1)
63 (2 1)
111 (2 1)
64 (2 1)
146 (4 1)
145 (4 1)
147 (4 1)
83 (2 1)
113 (2 1)
7 (2 1)
368 (0 1)
389 (5 1)
391 (5 1)
398 (5 1)
425 (5 1)
512 (1 1)
387 (5 1)
437 (5 1)
517 (1 1)
506 (1 1)
518 (1 1)
525 (1 1)
554 (1 1)
288 (0 1)
244 (4 1)
253 (0 1)
188 (4 1)
236 (4 1)
307 (0 1)
377 (5 1)
399 (5 1)
417 (5 1)
299 (0 1)
99 (2 1)
148 (4 1)
31 (2 1)
104 (2 1)
62 (2 1)
166 (4 1)
140 (4 1)
59 (2 1)
138 (4 1)
102 (2 1)
12 (2 1)
75 (2 1)
194 (4 1)
169 (4 1)
168 (4 1)
589 (1 1)
573 (1 1)
574 (1 1)
590 (1 1)
173 (4 1)
176 (4 1)
301 (0 1)
208 (4 1)
209 (4 1)
214 (4 1)
155 (4 1)
513 (1 1)
405 (5 1)
536 (1 1)
237 (4 1)
438 (5 1)
459 (5 1)
410 (5 1)
407 (5 1)
114 (2 1)
219 (4 1)
150 (4 1)
390 (5 1)
393 (5 1)
394 (5 1)
333 (0 1)
362 (0 1)
369 (0 1)
321 (0 1)
334 (0 1)
392 (5 1)
98 (2 1)
101 (2 1)
134 (4 1)
135 (4 1)
55 (2 1)
132 (4 1)
136 (4 1)
133 (4 1)
34 (2 1)
70 (2 1)
603 (1 1)
69 (2 1)
74 (2 1)
5 (2 1)
67 (2 1)
116 (2 1)
66 (2 1)
149 (4 1)
555 (1 1)
563 (1 1)
668 (6 1)
718 (6 1)
654 (6 1)
633 (6 1)
566 (1 1)
565 (1 1)
539 (1 1)
581 (1 1)
245 (4 1)
221 (4 1)
296 (0 1)
276 (0 1)
246 (4 1)
243 (4 1)
220 (4 1)
265 (0 1)
193 (4 1)
178 (4 1)
195 (4 1)
482 (5 1)
559 (1 1)
562 (1 1)
610 (6 1)
601 (1 1)
600 (1 1)
564 (1 1)
605 (1 1)
401 (5 1)
402 (5 1)
186 (4 1)
151 (4 1)
204 (4 1)
203 (4 1)
187 (4 1)
112 (2 1)
198 (4 1)
238 (4 1)
159 (4 1)
81 (2 1)
118 (2 1)
175 (4 1)
167 (4 1)
460 (5 1)
776 (3 1)
784 (3 1)
785 (3 1)
777 (3 1)
742 (3 1)
747 (3 1)
335 (0 1)
345 (0 1)
373 (5 1)
378 (5 1)
340 (0 1)
294 (0 1)
120 (2 1)
164 (4 1)
94 (2 1)
17 (2 1)
815 (3 1)
508 (1 1)
487 (5 1)
444 (5 1)
465 (5 1)
486 (5 1)
429 (5 1)
232 (4 1)
170 (4 1)
223 (4 1)
604 (1 1)
90 (2 1)
129 (4 1)
46 (2 1)
88 (2 1)
77 (2 1)
127 (4 1)
190 (4 1)
162 (4 1)
1 (2 1)
45 (2 1)
608 (1 1)
661 (6 1)
655 (6 1)
582 (1 1)
638 (6 1)
616 (6 1)
617 (6 1)
620 (6 1)
640 (6 1)
624 (6 1)
583 (1 1)
542 (1 1)
541 (1 1)
181 (4 1)
160 (4 1)
161 (4 1)
234 (4 1)
130 (4 1)
395 (5 1)
433 (5 1)
476 (5 1)
823 (3 1)
738 (3 1)
330 (0 1)
319 (0 1)
273 (0 1)
644 (6 1)
669 (6 1)
285 (0 1)
280 (0 1)
289 (0 1)
313 (0 1)
303 (0 1)
297 (0 1)
427 (5 1)
453 (5 1)
432 (5 1)
264 (0 1)
205 (4 1)
239 (4 1)
277 (0 1)
257 (0 1)
543 (1 1)
500 (1 1)
491 (5 1)
480 (5 1)
483 (5 1)
468 (5 1)
455 (5 1)
560 (1 1)
336 (0 1)
588 (1 1)
636 (6 1)
587 (1 1)
665 (6 1)
623 (6 1)
662 (6 1)
153 (4 1)
122 (2 1)
119 (2 1)
141 (4 1)
154 (4 1)
121 (2 1)
29 (2 1)
165 (4 1)
182 (4 1)
189 (4 1)
197 (4 1)
704 (6 1)
727 (3 1)
801 (3 1)
682 (6 1)
721 (6 1)
758 (3 1)
115 (2 1)
469 (5 1)
471 (5 1)
504 (1 1)
375 (5 1)
36 (2 1)
11 (2 1)
41 (2 1)
171 (4 1)
180 (4 1)
183 (4 1)
143 (4 1)
318 (0 1)
329 (0 1)
317 (0 1)
361 (0 1)
331 (0 1)
359 (0 1)
708 (6 1)
702 (6 1)
535 (1 1)
498 (1 1)
131 (4 1)
103 (2 1)
128 (4 1)
92 (2 1)
184 (4 1)
251 (0 1)
152 (4 1)
272 (0 1)
201 (4 1)
256 (0 1)
267 (0 1)
247 (4 1)
235 (4 1)
404 (5 1)
578 (1 1)
556 (1 1)
275 (0 1)
545 (1 1)
320 (0 1)
586 (1 1)
344 (0 1)
452 (5 1)
681 (6 1)
501 (1 1)
172 (4 1)
107 (2 1)
759 (3 1)
4 (2 1)
78 (2 1)
117 (2 1)
43 (2 1)
87 (2 1)
125 (4 1)
800 (3 1)
76 (2 1)
25 (2 1)
445 (5 1)
42 (2 1)
44 (2 1)
10 (2 1)
520 (1 1)
540 (1 1)
466 (5 1)
516 (1 1)
262 (0 1)
13 (2 1)
124 (2 1)
142 (4 1)
230 (4 1)
268 (0 1)
684 (6 1)
89 (2 1)
48 (2 1)
71 (2 1)
60 (2 1)
30 (2 1)
49 (2 1)
52 (2 1)
688 (6 1)
703 (6 1)
660 (6 1)
735 (3 1)
174 (4 1)
144 (4 1)
488 (5 1)
381 (5 1)
339 (0 1)
226 (4 1)
202 (4 1)
39 (2 1)
211 (4 1)
831 (3 1)
33 (2 1)
3 (2 1)
2 (2 1)
27 (2 1)
485 (5 1)
6 (2 1)
657 (6 1)
35 (2 1)
137 (4 1)
16 (2 1)
123 (2 1)
126 (4 1)
163 (4 1)
827 (3 1)
830 (3 1)
834 (3 1)
14 (2 1)
15 (2 1)
185 (4 1)
213 (4 1)
529 (1 1)
109 (2 1)
51 (2 1)
719 (6 1)
728 (3 1)
832 (3 1)
258 (0 1)
23 (2 1)
72 (2 1)
82 (2 1)
54 (2 1)
95 (2 1)
22 (2 1)
32 (2 1)
56 (2 1)
346 (0 1)
91 (2 1)
80 (2 1)
73 (2 1)
803 (3 1)
826 (3 1)
825 (3 1)
725 (3 1)
9 (2 1)
28 (2 1)
40 (2 1)
65 (2 1)
68 (2 1)
374 (5 1)
691 (6 1)
663 (6 1)
79 (2 1)
84 (2 1)
47 (2 1)
38 (2 1)
21 (2 1)
18 (2 1)
26 (2 1)
733 (3 1)
19 (2 1)
20 (2 1)
0 (2 1)
376 (5 1)
385 (5 1)
106 (2 1)
722 (6 1)
350 (0 1)
521 (1 1)
835 (3 1)
8 (2 1)
