0 (0 1)
1 (0 1)
2 (0 1)
3 (0 1)
4 (4 1)
5 (4 1)
6 (0 1)
7 (3 1)
8 (0 1)
9 (0 1)
10 (0 1)
11 (0 1)
12 (4 1)
13 (0 1)
14 (0 1)
15 (0 1)
16 (4 1)
17 (2 1)
18 (0 1)
19 (0 1)
20 (0 1)
21 (0 1)
22 (0 1)
23 (0 1)
24 (0 1)
25 (0 1)
26 (0 1)
27 (0 1)
28 (0 1)
29 (3 1)
30 (0 1)
31 (4 1)
32 (0 1)
33 (0 1)
34 (4 1)
35 (0 1)
36 (4 1)
37 (0 1)
38 (0 1)
39 (0 1)
40 (0 1)
41 (4 1)
42 (4 1)
43 (0 1)
44 (3 1)
45 (0 1)
46 (4 1)
47 (0 1)
48 (0 1)
49 (0 1)
50 (0 1)
51 (0 1)
52 (4 1)
53 (0 1)
54 (0 1)
55 (2 1)
56 (0 1)
57 (0 1)
58 (2 1)
59 (2 1)
60 (0 1)
61 (5 1)
62 (4 1)
63 (3 1)
64 (5 1)
65 (0 1)
66 (5 1)
67 (3 1)
68 (0 1)
69 (5 1)
70 (2 1)
71 (0 1)
72 (0 1)
73 (0 1)
74 (5 1)
75 (0 1)
76 (5 1)
77 (1 1)
78 (4 1)
79 (0 1)
80 (0 1)
81 (2 1)
82 (0 1)
83 (5 1)
84 (0 1)
85 (0 1)
86 (0 1)
87 (4 1)
88 (3 1)
89 (0 1)
90 (3 1)
91 (0 1)
92 (0 1)
93 (5 1)
94 (0 1)
95 (0 1)
96 (5 1)
97 (0 1)
98 (2 1)
99 (6 1)
100 (0 1)
101 (2 1)
102 (2 1)
103 (4 1)
104 (2 1)
105 (2 1)
106 (0 1)
107 (0 1)
108 (5 1)
109 (0 1)
110 (3 1)
111 (5 1)
112 (2 1)
113 (5 1)
114 (5 1)
115 (0 1)
116 (3 1)
117 (3 1)
118 (2 1)
119 (3 1)
120 (4 1)
121 (4 1)
122 (5 1)
123 (4 1)
124 (3 1)
125 (4 1)
126 (3 1)
127 (5 1)
128 (0 1)
129 (5 1)
130 (2 1)
131 (2 1)
132 (2 1)
133 (2 1)
134 (2 1)
135 (2 1)
136 (4 1)
137 (0 1)
138 (0 1)
139 (0 1)
140 (0 1)
141 (5 1)
142 (4 1)
143 (3 1)
144 (3 1)
145 (0 1)
146 (3 1)
147 (3 1)
148 (3 1)
149 (3 1)
150 (3 1)
151 (2 1)
152 (0 1)
153 (3 1)
154 (3 1)
155 (3 1)
156 (0 1)
157 (2 1)
158 (0 1)
159 (2 1)
160 (3 1)
161 (2 1)
162 (4 1)
163 (3 1)
164 (4 1)
165 (3 1)
166 (2 1)
167 (2 1)
168 (4 1)
169 (2 1)
170 (2 1)
171 (0 1)
172 (5 1)
173 (3 1)
174 (4 1)
175 (2 1)
176 (3 1)
177 (5 1)
178 (5 1)
179 (5 1)
180 (5 1)
181 (4 1)
182 (6 1)
183 (4 1)
184 (4 1)
185 (0 1)
186 (2 1)
187 (2 1)
188 (5 1)
189 (5 1)
190 (3 1)
191 (0 1)
192 (4 1)
193 (3 1)
194 (4 1)
195 (5 1)
196 (4 1)
197 (3 1)
198 (4 1)
199 (3 1)
200 (4 1)
201 (2 1)
202 (4 1)
203 (2 1)
204 (2 1)
205 (2 1)
206 (2 1)
207 (2 1)
208 (5 1)
209 (5 1)
210 (2 1)
211 (2 1)
212 (4 1)
213 (0 1)
214 (5 1)
215 (2 1)
216 (3 1)
217 (4 1)
218 (3 1)
219 (4 1)
220 (5 1)
221 (3 1)
222 (5 1)
223 (2 1)
224 (3 1)
225 (3 1)
226 (0 1)
227 (2 1)
228 (2 1)
229 (4 1)
230 (2 1)
231 (2 1)
232 (2 1)
233 (5 1)
234 (4 1)
235 (4 1)
236 (4 1)
237 (2 1)
238 (2 1)
239 (0 1)
240 (4 1)
241 (4 1)
242 (2 1)
243 (1 1)
244 (5 1)
245 (3 1)
246 (4 1)
247 (4 1)
248 (4 1)
249 (0 1)
250 (6 1)
251 (4 1)
252 (0 1)
253 (4 1)
254 (3 1)
255 (4 1)
256 (4 1)
257 (4 1)
258 (0 1)
259 (0 1)
260 (3 1)
261 (3 1)
262 (0 1)
263 (4 1)
264 (4 1)
265 (1 1)
266 (5 1)
267 (4 1)
268 (0 1)
269 (4 1)
270 (4 1)
271 (0 1)
272 (4 1)
273 (0 1)
274 (3 1)
275 (4 1)
276 (3 1)
277 (0 1)
278 (4 1)
279 (4 1)
280 (4 1)
281 (4 1)
282 (4 1)
283 (5 1)
284 (4 1)
285 (4 1)
286 (2 1)
287 (4 1)
288 (3 1)
289 (4 1)
290 (3 1)
291 (0 1)
292 (3 1)
293 (3 1)
294 (0 1)
295 (3 1)
296 (1 1)
297 (4 1)
298 (1 1)
299 (0 1)
300 (4 1)
301 (4 1)
302 (3 1)
303 (3 1)
304 (0 1)
305 (3 1)
306 (4 1)
307 (5 1)
308 (4 1)
309 (3 1)
310 (1 1)
311 (2 1)
312 (2 1)
313 (1 1)
314 (3 1)
315 (3 1)
316 (4 1)
317 (1 1)
318 (1 1)
319 (3 1)
320 (1 1)
321 (1 1)
322 (4 1)
323 (4 1)
324 (3 1)
325 (4 1)
326 (3 1)
327 (0 1)
328 (6 1)
329 (1 1)
330 (3 1)
331 (3 1)
332 (3 1)
333 (1 1)
334 (4 1)
335 (3 1)
336 (1 1)
337 (3 1)
338 (0 1)
339 (0 1)
340 (3 1)
341 (3 1)
342 (4 1)
343 (4 1)
344 (4 1)
345 (3 1)
346 (0 1)
347 (1 1)
348 (4 1)
349 (0 1)
350 (0 1)
351 (2 1)
352 (3 1)
353 (4 1)
354 (2 1)
355 (2 1)
356 (1 1)
357 (4 1)
358 (1 1)
359 (1 1)
360 (1 1)
361 (1 1)
362 (6 1)
363 (5 1)
364 (3 1)
365 (1 1)
366 (3 1)
367 (3 1)
368 (1 1)
369 (6 1)
370 (6 1)
371 (6 1)
372 (1 1)
373 (3 1)
374 (0 1)
375 (0 1)
376 (0 1)
377 (3 1)
378 (3 1)
379 (4 1)
380 (0 1)
381 (0 1)
382 (0 1)
383 (3 1)
384 (3 1)
385 (0 1)
386 (0 1)
387 (4 1)
388 (0 1)
389 (4 1)
390 (1 1)
391 (1 1)
392 (1 1)
393 (1 1)
394 (4 1)
395 (2 1)
396 (2 1)
397 (2 1)
398 (1 1)
399 (3 1)
400 (3 1)
401 (3 1)
402 (4 1)
403 (0 1)
404 (0 1)
405 (4 1)
406 (5 1)
407 (4 1)
408 (4 1)
409 (1 1)
410 (1 1)
411 (1 1)
412 (6 1)
413 (1 1)
414 (0 1)
415 (3 1)
416 (1 1)
417 (1 1)
418 (2 1)
419 (6 1)
420 (3 1)
421 (2 1)
422 (2 1)
423 (4 1)
424 (1 1)
425 (1 1)
426 (3 1)
427 (4 1)
428 (3 1)
429 (2 1)
430 (3 1)
431 (4 1)
432 (4 1)
433 (6 1)
434 (2 1)
435 (4 1)
436 (2 1)
437 (2 1)
438 (5 1)
439 (2 1)
440 (3 1)
441 (4 1)
442 (1 1)
443 (3 1)
444 (4 1)
445 (2 1)
446 (4 1)
447 (2 1)
448 (1 1)
449 (1 1)
450 (2 1)
451 (1 1)
452 (0 1)
453 (4 1)
454 (4 1)
455 (3 1)
456 (1 1)
457 (1 1)
458 (0 1)
459 (4 1)
460 (0 1)
461 (4 1)
462 (4 1)
463 (2 1)
464 (4 1)
465 (4 1)
466 (4 1)
467 (4 1)
468 (4 1)
469 (4 1)
470 (4 1)
471 (0 1)
472 (1 1)
473 (2 1)
474 (3 1)
475 (1 1)
476 (4 1)
477 (1 1)
478 (3 1)
479 (1 1)
480 (4 1)
481 (4 1)
482 (0 1)
483 (0 1)
484 (0 1)
485 (0 1)
486 (4 1)
487 (4 1)
488 (0 1)
489 (2 1)
490 (1 1)
491 (4 1)
492 (0 1)
493 (4 1)
494 (2 1)
495 (1 1)
496 (2 1)
497 (2 1)
498 (4 1)
499 (4 1)
500 (2 1)
501 (4 1)
502 (5 1)
503 (2 1)
504 (4 1)
505 (3 1)
506 (2 1)
507 (4 1)
508 (2 1)
509 (1 1)
510 (4 1)
511 (4 1)
512 (4 1)
513 (2 1)
514 (1 1)
515 (2 1)
516 (0 1)
517 (4 1)
518 (0 1)
519 (4 1)
520 (0 1)
521 (0 1)
522 (3 1)
523 (0 1)
524 (4 1)
525 (4 1)
526 (0 1)
527 (4 1)
528 (0 1)
529 (4 1)
530 (0 1)
531 (3 1)
532 (4 1)
533 (0 1)
534 (5 1)
535 (0 1)
536 (0 1)
537 (2 1)
538 (3 1)
539 (4 1)
540 (4 1)
541 (0 1)
542 (0 1)
543 (0 1)
544 (4 1)
545 (4 1)
546 (3 1)
547 (4 1)
548 (4 1)
549 (2 1)
550 (0 1)
551 (4 1)
552 (4 1)
553 (4 1)
554 (2 1)
555 (2 1)
556 (4 1)
557 (0 1)
558 (0 1)
559 (0 1)
560 (2 1)
561 (4 1)
562 (4 1)
563 (4 1)
564 (4 1)
565 (4 1)
566 (4 1)
567 (3 1)
568 (4 1)
569 (6 1)
570 (6 1)
571 (0 1)
572 (2 1)
573 (2 1)
574 (0 1)
575 (3 1)
576 (0 1)
577 (4 1)
578 (4 1)
579 (2 1)
580 (2 1)
581 (4 1)
582 (5 1)
583 (0 1)
584 (3 1)
585 (4 1)
586 (4 1)
587 (0 1)
588 (4 1)
589 (4 1)
590 (3 1)
591 (3 1)
592 (2 1)
593 (2 1)
594 (5 1)
595 (5 1)
596 (5 1)
597 (5 1)
598 (2 1)
599 (4 1)
600 (2 1)
601 (4 1)
602 (5 1)
603 (4 1)
604 (0 1)
605 (4 1)
606 (2 1)
607 (6 1)
608 (3 1)
609 (5 1)
610 (4 1)
611 (3 1)
612 (3 1)
613 (3 1)
614 (3 1)
615 (2 1)
616 (3 1)
617 (3 1)
618 (6 1)
619 (3 1)
620 (3 1)
621 (6 1)
622 (3 1)
623 (3 1)
624 (0 1)
625 (3 1)
626 (3 1)
627 (5 1)
628 (3 1)
629 (3 1)
630 (4 1)
631 (3 1)
632 (4 1)
633 (2 1)
634 (3 1)
635 (3 1)
636 (4 1)
637 (1 1)
638 (3 1)
639 (1 1)
640 (3 1)
641 (1 1)
642 (5 1)
643 (5 1)
644 (0 1)
645 (3 1)
646 (4 1)
647 (5 1)
648 (5 1)
649 (5 1)
650 (0 1)
651 (5 1)
652 (5 1)
653 (5 1)
654 (4 1)
655 (3 1)
656 (5 1)
657 (0 1)
658 (0 1)
659 (1 1)
660 (0 1)
661 (4 1)
662 (0 1)
663 (0 1)
664 (5 1)
665 (0 1)
666 (5 1)
667 (2 1)
668 (1 1)
669 (4 1)
670 (3 1)
671 (6 1)
672 (1 1)
673 (1 1)
674 (3 1)
675 (1 1)
676 (5 1)
677 (1 1)
678 (5 1)
679 (6 1)
680 (4 1)
681 (4 1)
682 (0 1)
683 (3 1)
684 (0 1)
685 (3 1)
686 (4 1)
687 (4 1)
688 (0 1)
689 (3 1)
690 (0 1)
691 (0 1)
692 (6 1)
693 (5 1)
694 (5 1)
695 (5 1)
696 (5 1)
697 (5 1)
698 (5 1)
699 (3 1)
700 (6 1)
701 (6 1)
702 (4 1)
703 (0 1)
704 (0 1)
705 (4 1)
706 (3 1)
707 (5 1)
708 (4 1)
709 (5 1)
710 (1 1)
711 (4 1)
712 (4 1)
713 (5 1)
714 (1 1)
715 (6 1)
716 (1 1)
717 (1 1)
718 (1 1)
719 (0 1)
720 (1 1)
721 (0 1)
722 (0 1)
723 (4 1)
724 (4 1)
725 (0 1)
726 (4 1)
727 (0 1)
728 (4 1)
729 (6 1)
730 (1 1)
731 (1 1)
732 (1 1)
733 (0 1)
734 (6 1)
735 (4 1)
736 (1 1)
737 (6 1)
738 (1 1)
739 (6 1)
740 (6 1)
741 (6 1)
742 (6 1)
743 (1 1)
744 (6 1)
745 (1 1)
746 (5 1)
747 (1 1)
748 (4 1)
749 (3 1)
750 (3 1)
751 (5 1)
752 (3 1)
753 (2 1)
754 (6 1)
755 (2 1)
756 (2 1)
757 (6 1)
758 (0 1)
759 (4 1)
760 (4 1)
761 (3 1)
762 (6 1)
763 (3 1)
764 (4 1)
765 (3 1)
766 (2 1)
767 (6 1)
768 (3 1)
769 (3 1)
770 (6 1)
771 (3 1)
772 (4 1)
773 (1 1)
774 (1 1)
775 (1 1)
776 (1 1)
777 (4 1)
778 (2 1)
779 (2 1)
780 (2 1)
781 (4 1)
782 (4 1)
783 (4 1)
784 (1 1)
785 (3 1)
786 (3 1)
787 (1 1)
788 (3 1)
789 (2 1)
790 (4 1)
791 (4 1)
792 (4 1)
793 (1 1)
794 (1 1)
795 (3 1)
796 (1 1)
797 (4 1)
798 (4 1)
799 (1 1)
800 (3 1)
801 (0 1)
802 (1 1)
803 (4 1)
804 (0 1)
805 (1 1)
806 (1 1)
807 (1 1)
808 (1 1)
809 (4 1)
810 (1 1)
811 (0 1)
812 (4 1)
813 (1 1)
814 (5 1)
815 (3 1)
816 (1 1)
817 (3 1)
818 (1 1)
819 (0 1)
820 (4 1)
821 (4 1)
822 (4 1)
823 (4 1)
824 (0 1)
825 (0 1)
826 (0 1)
827 (4 1)
828 (0 1)
829 (3 1)
830 (0 1)
831 (0 1)
832 (0 1)
833 (0 1)
834 (0 1)
835 (0 1)
