0 (1 1)
1 (7 1)
2 (7 1)
3 (7 1)
4 (1 1)
5 (1 1)
6 (0 1)
7 (0 1)
8 (7 1)
9 (4 1)
10 (1 1)
11 (1 1)
12 (1 1)
13 (3 1)
14 (1 1)
15 (1 1)
16 (1 1)
17 (1 1)
18 (7 1)
19 (1 1)
20 (1 1)
21 (1 1)
22 (1 1)
23 (1 1)
24 (1 1)
25 (1 1)
26 (1 1)
27 (7 1)
28 (7 1)
29 (7 1)
30 (1 1)
31 (7 1)
32 (1 1)
33 (7 1)
34 (3 1)
35 (3 1)
36 (8 1)
37 (1 1)
38 (1 1)
39 (3 1)
40 (7 1)
41 (4 1)
42 (4 1)
43 (7 1)
44 (0 1)
45 (7 1)
46 (1 1)
47 (1 1)
48 (2 1)
49 (1 1)
50 (1 1)
51 (1 1)
52 (3 1)
53 (1 1)
54 (1 1)
55 (1 1)
56 (1 1)
57 (1 1)
58 (0 1)
59 (1 1)
60 (1 1)
61 (8 1)
62 (7 1)
63 (0 1)
64 (0 1)
65 (1 1)
66 (0 1)
67 (0 1)
68 (1 1)
69 (0 1)
70 (6 1)
71 (1 1)
72 (1 1)
73 (8 1)
74 (4 1)
75 (3 1)
76 (4 1)
77 (7 1)
78 (4 1)
79 (7 1)
80 (0 1)
81 (6 1)
82 (3 1)
83 (0 1)
84 (1 1)
85 (1 1)
86 (1 1)
87 (7 1)
88 (7 1)
89 (1 1)
90 (7 1)
91 (1 1)
92 (1 1)
93 (0 1)
94 (7 1)
95 (1 1)
96 (0 1)
97 (1 1)
98 (6 1)
99 (4 1)
100 (4 1)
101 (6 1)
102 (3 1)
103 (1 1)
104 (1 1)
105 (0 1)
106 (1 1)
107 (3 1)
108 (0 1)
109 (1 1)
110 (0 1)
111 (0 1)
112 (6 1)
113 (0 1)
114 (0 1)
115 (7 1)
116 (0 1)
117 (4 1)
118 (6 1)
119 (4 1)
120 (4 1)
121 (4 1)
122 (4 1)
123 (3 1)
124 (4 1)
125 (1 1)
126 (4 1)
127 (7 1)
128 (1 1)
129 (6 1)
130 (4 1)
131 (3 1)
132 (6 1)
133 (6 1)
134 (6 1)
135 (6 1)
136 (7 1)
137 (1 1)
138 (4 1)
139 (1 1)
140 (4 1)
141 (4 1)
142 (1 1)
143 (4 1)
144 (1 1)
145 (4 1)
146 (4 1)
147 (0 1)
148 (1 1)
149 (0 1)
150 (4 1)
151 (6 1)
152 (7 1)
153 (4 1)
154 (4 1)
155 (7 1)
156 (3 1)
157 (4 1)
158 (1 1)
159 (6 1)
160 (4 1)
161 (1 1)
162 (4 1)
163 (4 1)
164 (7 1)
165 (4 1)
166 (2 1)
167 (6 1)
168 (1 1)
169 (3 1)
170 (3 1)
171 (1 1)
172 (8 1)
173 (4 1)
174 (3 1)
175 (6 1)
176 (8 1)
177 (8 1)
178 (4 1)
179 (8 1)
180 (4 1)
181 (3 1)
182 (4 1)
183 (4 1)
184 (4 1)
185 (3 1)
186 (6 1)
187 (6 1)
188 (5 1)
189 (7 1)
190 (7 1)
191 (1 1)
192 (5 1)
193 (4 1)
194 (1 1)
195 (4 1)
196 (3 1)
197 (7 1)
198 (3 1)
199 (3 1)
200 (1 1)
201 (3 1)
202 (7 1)
203 (3 1)
204 (6 1)
205 (3 1)
206 (3 1)
207 (3 1)
208 (0 1)
209 (1 1)
210 (3 1)
211 (3 1)
212 (8 1)
213 (1 1)
214 (1 1)
215 (8 1)
216 (0 1)
217 (8 1)
218 (8 1)
219 (8 1)
220 (8 1)
221 (8 1)
222 (0 1)
223 (3 1)
224 (8 1)
225 (8 1)
226 (3 1)
227 (8 1)
228 (8 1)
229 (1 1)
230 (1 1)
231 (1 1)
232 (3 1)
233 (7 1)
234 (7 1)
235 (1 1)
236 (1 1)
237 (4 1)
238 (7 1)
239 (4 1)
240 (4 1)
241 (4 1)
242 (8 1)
243 (8 1)
244 (2 1)
245 (1 1)
246 (8 1)
247 (3 1)
248 (8 1)
249 (1 1)
250 (2 1)
251 (7 1)
252 (1 1)
253 (2 1)
254 (7 1)
255 (4 1)
256 (1 1)
257 (7 1)
258 (1 1)
259 (3 1)
260 (1 1)
261 (2 1)
262 (1 1)
263 (1 1)
264 (1 1)
265 (8 1)
266 (7 1)
267 (4 1)
268 (7 1)
269 (4 1)
270 (1 1)
271 (1 1)
272 (4 1)
273 (1 1)
274 (5 1)
275 (7 1)
276 (1 1)
277 (4 1)
278 (4 1)
279 (4 1)
280 (4 1)
281 (4 1)
282 (1 1)
283 (4 1)
284 (4 1)
285 (4 1)
286 (0 1)
287 (7 1)
288 (1 1)
289 (4 1)
290 (2 1)
291 (2 1)
292 (2 1)
293 (2 1)
294 (2 1)
295 (2 1)
296 (7 1)
297 (4 1)
298 (1 1)
299 (4 1)
300 (1 1)
301 (2 1)
302 (2 1)
303 (4 1)
304 (2 1)
305 (2 1)
306 (1 1)
307 (1 1)
308 (1 1)
309 (7 1)
310 (4 1)
311 (8 1)
312 (4 1)
313 (4 1)
314 (2 1)
315 (2 1)
316 (2 1)
317 (4 1)
318 (4 1)
319 (4 1)
320 (4 1)
321 (7 1)
322 (2 1)
323 (7 1)
324 (2 1)
325 (7 1)
326 (2 1)
327 (1 1)
328 (5 1)
329 (7 1)
330 (7 1)
331 (7 1)
332 (2 1)
333 (7 1)
334 (7 1)
335 (2 1)
336 (4 1)
337 (7 1)
338 (1 1)
339 (7 1)
340 (2 1)
341 (3 1)
342 (1 1)
343 (7 1)
344 (4 1)
345 (3 1)
346 (3 1)
347 (8 1)
348 (2 1)
349 (8 1)
350 (1 1)
351 (3 1)
352 (1 1)
353 (1 1)
354 (4 1)
355 (4 1)
356 (4 1)
357 (4 1)
358 (4 1)
359 (0 1)
360 (2 1)
361 (4 1)
362 (7 1)
363 (2 1)
364 (2 1)
365 (0 1)
366 (2 1)
367 (5 1)
368 (5 1)
369 (5 1)
370 (7 1)
371 (7 1)
372 (7 1)
373 (3 1)
374 (1 1)
375 (7 1)
376 (1 1)
377 (4 1)
378 (3 1)
379 (3 1)
380 (1 1)
381 (7 1)
382 (1 1)
383 (2 1)
384 (3 1)
385 (1 1)
386 (1 1)
387 (4 1)
388 (1 1)
389 (2 1)
390 (7 1)
391 (5 1)
392 (5 1)
393 (7 1)
394 (7 1)
395 (0 1)
396 (0 1)
397 (8 1)
398 (5 1)
399 (1 1)
400 (8 1)
401 (8 1)
402 (8 1)
403 (1 1)
404 (7 1)
405 (7 1)
406 (0 1)
407 (8 1)
408 (7 1)
409 (1 1)
410 (3 1)
411 (1 1)
412 (0 1)
413 (1 1)
414 (1 1)
415 (2 1)
416 (3 1)
417 (8 1)
418 (1 1)
419 (2 1)
420 (8 1)
421 (5 1)
422 (1 1)
423 (7 1)
424 (5 1)
425 (7 1)
426 (8 1)
427 (3 1)
428 (3 1)
429 (5 1)
430 (3 1)
431 (7 1)
432 (3 1)
433 (8 1)
434 (0 1)
435 (8 1)
436 (0 1)
437 (1 1)
438 (8 1)
439 (8 1)
440 (7 1)
441 (3 1)
442 (7 1)
443 (1 1)
444 (5 1)
445 (5 1)
446 (1 1)
447 (5 1)
448 (0 1)
449 (0 1)
450 (5 1)
451 (7 1)
452 (7 1)
453 (3 1)
454 (3 1)
455 (3 1)
456 (2 1)
457 (7 1)
458 (1 1)
459 (3 1)
460 (1 1)
461 (7 1)
462 (5 1)
463 (5 1)
464 (5 1)
465 (1 1)
466 (5 1)
467 (5 1)
468 (3 1)
469 (4 1)
470 (3 1)
471 (4 1)
472 (8 1)
473 (8 1)
474 (1 1)
475 (2 1)
476 (2 1)
477 (0 1)
478 (1 1)
479 (0 1)
480 (3 1)
481 (0 1)
482 (1 1)
483 (3 1)
484 (1 1)
485 (1 1)
486 (1 1)
487 (1 1)
488 (7 1)
489 (7 1)
490 (0 1)
491 (8 1)
492 (1 1)
493 (8 1)
494 (2 1)
495 (2 1)
496 (8 1)
497 (2 1)
498 (1 1)
499 (8 1)
500 (3 1)
501 (3 1)
502 (1 1)
503 (5 1)
504 (3 1)
505 (2 1)
506 (5 1)
507 (3 1)
508 (1 1)
509 (0 1)
510 (1 1)
511 (1 1)
512 (7 1)
513 (0 1)
514 (0 1)
515 (1 1)
516 (7 1)
517 (7 1)
518 (4 1)
519 (3 1)
520 (7 1)
521 (1 1)
522 (3 1)
523 (1 1)
524 (7 1)
525 (1 1)
526 (1 1)
527 (8 1)
528 (1 1)
529 (1 1)
530 (1 1)
531 (2 1)
532 (3 1)
533 (1 1)
534 (8 1)
535 (0 1)
536 (4 1)
537 (0 1)
538 (2 1)
539 (7 1)
540 (7 1)
541 (0 1)
542 (1 1)
543 (1 1)
544 (2 1)
545 (5 1)
546 (2 1)
547 (0 1)
548 (0 1)
549 (0 1)
550 (1 1)
551 (1 1)
552 (1 1)
553 (1 1)
554 (0 1)
555 (5 1)
556 (4 1)
557 (1 1)
558 (7 1)
559 (0 1)
560 (0 1)
561 (2 1)
562 (0 1)
563 (5 1)
564 (4 1)
565 (4 1)
566 (0 1)
567 (2 1)
568 (1 1)
569 (0 1)
570 (0 1)
571 (2 1)
572 (8 1)
573 (0 1)
574 (1 1)
575 (5 1)
576 (2 1)
577 (8 1)
578 (1 1)
579 (8 1)
580 (8 1)
581 (0 1)
582 (3 1)
583 (1 1)
584 (3 1)
585 (1 1)
586 (8 1)
587 (8 1)
588 (8 1)
589 (0 1)
590 (4 1)
591 (0 1)
592 (8 1)
593 (0 1)
594 (8 1)
595 (1 1)
596 (0 1)
597 (8 1)
598 (0 1)
599 (0 1)
600 (0 1)
601 (0 1)
602 (0 1)
603 (0 1)
604 (1 1)
605 (0 1)
606 (4 1)
607 (0 1)
608 (3 1)
609 (8 1)
610 (0 1)
611 (0 1)
612 (0 1)
613 (3 1)
614 (3 1)
615 (0 1)
616 (3 1)
617 (3 1)
618 (0 1)
619 (3 1)
620 (3 1)
621 (8 1)
622 (8 1)
623 (8 1)
624 (3 1)
625 (3 1)
626 (3 1)
627 (0 1)
628 (1 1)
629 (0 1)
630 (0 1)
631 (0 1)
632 (0 1)
633 (0 1)
634 (0 1)
635 (0 1)
636 (8 1)
637 (3 1)
638 (3 1)
639 (3 1)
640 (3 1)
641 (3 1)
642 (8 1)
643 (0 1)
644 (1 1)
645 (3 1)
646 (4 1)
647 (3 1)
648 (3 1)
649 (0 1)
650 (1 1)
651 (0 1)
652 (0 1)
653 (0 1)
654 (0 1)
655 (1 1)
656 (8 1)
657 (3 1)
658 (1 1)
659 (3 1)
660 (3 1)
661 (3 1)
662 (1 1)
663 (1 1)
664 (3 1)
665 (1 1)
666 (8 1)
667 (0 1)
668 (1 1)
669 (1 1)
670 (8 1)
671 (0 1)
672 (0 1)
673 (3 1)
674 (1 1)
675 (0 1)
676 (0 1)
677 (1 1)
678 (8 1)
679 (3 1)
680 (3 1)
681 (3 1)
682 (1 1)
683 (3 1)
684 (3 1)
685 (0 1)
686 (3 1)
687 (3 1)
688 (3 1)
689 (5 1)
690 (1 1)
691 (1 1)
692 (0 1)
693 (8 1)
694 (5 1)
695 (8 1)
696 (8 1)
697 (5 1)
698 (8 1)
699 (8 1)
700 (5 1)
701 (0 1)
702 (3 1)
703 (3 1)
704 (1 1)
705 (8 1)
706 (8 1)
707 (8 1)
708 (3 1)
709 (8 1)
710 (1 1)
711 (2 1)
712 (5 1)
713 (8 1)
714 (7 1)
715 (5 1)
716 (1 1)
717 (5 1)
718 (1 1)
719 (2 1)
720 (5 1)
721 (1 1)
722 (1 1)
723 (2 1)
724 (1 1)
725 (1 1)
726 (1 1)
727 (1 1)
728 (7 1)
729 (5 1)
730 (5 1)
731 (5 1)
732 (1 1)
733 (1 1)
734 (8 1)
735 (7 1)
736 (1 1)
737 (5 1)
738 (7 1)
739 (5 1)
740 (5 1)
741 (5 1)
742 (5 1)
743 (5 1)
744 (5 1)
745 (5 1)
746 (0 1)
747 (7 1)
748 (1 1)
749 (5 1)
750 (7 1)
751 (7 1)
752 (8 1)
753 (5 1)
754 (5 1)
755 (5 1)
756 (7 1)
757 (5 1)
758 (1 1)
759 (7 1)
760 (7 1)
761 (7 1)
762 (4 1)
763 (7 1)
764 (1 1)
765 (6 1)
766 (4 1)
767 (2 1)
768 (4 1)
769 (1 1)
770 (5 1)
771 (7 1)
772 (7 1)
773 (5 1)
774 (5 1)
775 (2 1)
776 (2 1)
777 (2 1)
778 (7 1)
779 (5 1)
780 (5 1)
781 (7 1)
782 (7 1)
783 (0 1)
784 (2 1)
785 (2 1)
786 (7 1)
787 (2 1)
788 (0 1)
789 (4 1)
790 (8 1)
791 (2 1)
792 (7 1)
793 (5 1)
794 (5 1)
795 (7 1)
796 (5 1)
797 (6 1)
798 (1 1)
799 (2 1)
800 (7 1)
801 (7 1)
802 (2 1)
803 (7 1)
804 (0 1)
805 (2 1)
806 (2 1)
807 (2 1)
808 (2 1)
809 (1 1)
810 (5 1)
811 (8 1)
812 (7 1)
813 (2 1)
814 (2 1)
815 (2 1)
816 (2 1)
817 (2 1)
818 (5 1)
819 (1 1)
820 (7 1)
821 (7 1)
822 (7 1)
823 (1 1)
824 (1 1)
825 (1 1)
826 (1 1)
827 (1 1)
828 (1 1)
829 (2 1)
830 (1 1)
831 (7 1)
832 (7 1)
833 (1 1)
834 (1 1)
835 (7 1)
